  -5.1842000e+03
  -4.9726000e+03
  -4.7610000e+03
  -4.5494000e+03
  -4.3378000e+03
  -4.1262000e+03
  -3.9146000e+03
  -3.7030000e+03
  -3.4914000e+03
  -3.2798000e+03
  -3.0682000e+03
  -2.8566000e+03
  -2.6450000e+03
  -2.4334000e+03
  -2.2218000e+03
  -2.0102000e+03
  -1.7986000e+03
  -1.5870000e+03
  -1.3754000e+03
  -1.1638000e+03
  -9.5220000e+02
  -7.4060000e+02
  -5.2900000e+02
  -3.1740000e+02
  -1.0580000e+02
   1.0580000e+02
   3.1740000e+02
   5.2900000e+02
   7.4060000e+02
   9.5220000e+02
   1.1638000e+03
   1.3754000e+03
   1.5870000e+03
   1.7986000e+03
   2.0102000e+03
   2.2218000e+03
   2.4334000e+03
   2.6450000e+03
   2.8566000e+03
   3.0682000e+03
   3.2798000e+03
   3.4914000e+03
   3.7030000e+03
   3.9146000e+03
   4.1262000e+03
   4.3378000e+03
   4.5494000e+03
   4.7610000e+03
   4.9726000e+03
   5.1842000e+03
