0
0
0
0
0
0
0
0
0
0
0
0
0
0
0
0
0
0
0
0
0
0
0
0
0
0
0
0
0
3.11937e-05
6.07278e-05
9.68089e-05
0.0001452
0.000207761
0.000293441
0.000383416
0.000443556
0.000508772
0.000574254
0.000626677
0.0006818
0.000748592
0.000842259
0.000988638
0.00115414
0.00133477
0.00158739
0.00183847
0.00216663
0.00261175
0.00321959
0.00398347
0.00489456
0.00596463
0.0072298
0.00863208
0.0101672
0.0117194
0.0133641
0.0150183
0.0167776
0.018505
0.0202852
0.0221838
0.0241248
0.0263377
0.0287976
0.0316079
0.0344893
0.0373698
0.040983
0.0451257
0.0499046
0.0549287
0.0593464
