0
0
0
0
0
0.310527
1.14586
1.21778
1.1747
1.11403
1.05644
1.00072
0.948275
0.896494
0.849065
0.80861
0.763789
0.720671
0.680373
0.642403
0.6083
0.575017
0.545065
0.51468
0.488656
0.464707
0.441843
0.421718
0.401497
0.384356
0.367771
0.352926
0.338845
0.326087
0.314617
0.303269
0.292412
0.282477
0.273518
0.265095
0.256729
0.249086
0.241532
0.234603
0.227594
0.220848
0.215208
0.208804
0.203625
0.198515
0.193549
0.188548
0.183763
0.179397
0.175329
0.171132
0.167782
0.16405
0.160737
0.157359
0.154172
0.151352
0.148383
0.145722
0.142974
0.140551
0.137827
0.135914
0.133527
0.131301
0.12909
0.127494
0.12533
0.123658
0.121973
