   2.9000000e+01
   8.5000000e+01
   7.2000000e+01
   8.7000000e+01
   7.3000000e+01
   9.0000000e+01
   8.1000000e+01
   1.1600000e+02
   9.8000000e+01
   1.1700000e+02
   1.1000000e+02
   1.1700000e+02
   1.0700000e+02
   1.4700000e+02
   1.3500000e+02
   1.5100000e+02
   1.1700000e+02
   1.0900000e+02
   1.5900000e+02
   1.1800000e+02
   1.2200000e+02
   1.6000000e+02
   1.5800000e+02
   1.7300000e+02
   1.4800000e+02
   1.3100000e+02
   1.9800000e+02
   2.1700000e+02
   2.1100000e+02
   1.9200000e+02
   2.4500000e+02
   2.0600000e+02
   2.5900000e+02
   1.8100000e+02
   2.5900000e+02
   2.2400000e+02
   2.8200000e+02
   2.3000000e+02
   2.0900000e+02
   2.2100000e+02
   2.9200000e+02
   2.9000000e+02
   2.8700000e+02
   3.0900000e+02
   2.5700000e+02
   2.9900000e+02
   2.9400000e+02
   3.2700000e+02
   2.8300000e+02
   3.5700000e+02
   3.7000000e+02
   3.4700000e+02
   3.2100000e+02
   3.3800000e+02
   4.3200000e+02
   3.8100000e+02
   4.0800000e+02
   4.2300000e+02
   4.0300000e+02
   4.2000000e+02
   4.4000000e+02
   3.9200000e+02
   3.9300000e+02
   4.6300000e+02
   4.1500000e+02
   4.6700000e+02
   5.3300000e+02
   5.2500000e+02
   5.8800000e+02
   5.4900000e+02
   5.9400000e+02
   5.3200000e+02
   5.5500000e+02
   5.9700000e+02
   5.9500000e+02
   6.5300000e+02
   7.0600000e+02
   7.2900000e+02
   7.3800000e+02
   8.5300000e+02
   7.4300000e+02
   8.4600000e+02
   1.0200000e+03
   1.0830000e+03
   1.4420000e+03
   2.9630000e+03
   6.3660000e+03
   1.1578000e+04
   1.5267000e+04
   1.8712000e+04
   2.0810000e+04
   2.2414000e+04
   2.4265000e+04
   2.5542000e+04
   2.7933000e+04
   2.9252000e+04
   2.9894000e+04
   3.1004000e+04
   3.1831000e+04
   3.7274000e+04
   3.2662000e+04
   3.3068000e+04
   3.2951000e+04
   3.3072000e+04
   3.2489000e+04
   3.1447000e+04
   3.0901000e+04
   2.9470000e+04
   2.8914000e+04
   2.7789000e+04
   2.7131000e+04
   2.5974000e+04
   2.5512000e+04
   2.3345000e+04
   2.0964000e+04
   1.8780000e+04
   1.6342000e+04
   1.3644000e+04
   1.0832000e+04
   7.2110000e+03
   4.3250000e+03
   2.2380000e+03
   1.6640000e+03
   1.1860000e+03
   1.1260000e+03
   1.0230000e+03
   8.9800000e+02
   8.6500000e+02
   8.2400000e+02
   8.2800000e+02
   8.1300000e+02
   8.5700000e+02
   8.1500000e+02
   8.2800000e+02
   7.3000000e+02
   6.5500000e+02
   7.1900000e+02
   7.5500000e+02
   6.5400000e+02
   7.1500000e+02
   6.4000000e+02
   7.0800000e+02
   6.5500000e+02
   6.2700000e+02
   6.0800000e+02
   6.0900000e+02
   6.4000000e+02
   5.8800000e+02
   6.1300000e+02
   4.9600000e+02
   5.8000000e+02
   5.2600000e+02
   4.7000000e+02
   4.7900000e+02
   4.3500000e+02
   5.0200000e+02
   4.3500000e+02
   5.0200000e+02
   5.3700000e+02
   4.7700000e+02
   4.6600000e+02
   4.6100000e+02
   3.4600000e+02
   4.0900000e+02
   3.8500000e+02
   4.3300000e+02
   4.5200000e+02
   4.3500000e+02
   3.7900000e+02
   3.6000000e+02
   4.2600000e+02
   3.3700000e+02
   3.2500000e+02
   3.5200000e+02
   2.8600000e+02
   4.0900000e+02
   3.5000000e+02
   2.9300000e+02
   2.9500000e+02
   3.1700000e+02
   2.5200000e+02
   3.1100000e+02
   2.5000000e+02
   2.6200000e+02
   2.5900000e+02
   2.6500000e+02
   2.4800000e+02
   2.4200000e+02
   2.6100000e+02
   2.3000000e+02
   2.3800000e+02
   1.9300000e+02
   1.8100000e+02
   1.6600000e+02
   1.8800000e+02
   1.7200000e+02
   1.4400000e+02
   1.3300000e+02
   1.6900000e+02
   6.3000000e+01
