   1.0000000e+01
   4.1000000e+01
   6.0000000e+00
   1.4000000e+01
   1.7000000e+01
   2.5000000e+01
   2.6000000e+01
   9.0000000e+00
   2.6000000e+01
   2.3000000e+01
   2.6000000e+01
   2.1000000e+01
   2.8000000e+01
   2.3000000e+01
   2.7000000e+01
   3.0000000e+01
   1.9000000e+01
   2.3000000e+01
   1.2000000e+01
   2.7000000e+01
   1.7000000e+01
   5.8000000e+01
   1.8000000e+01
   3.0000000e+01
   3.0000000e+01
   3.9000000e+01
   5.2000000e+01
   3.6000000e+01
   2.9000000e+01
   3.5000000e+01
   4.4000000e+01
   6.0000000e+01
   4.0000000e+01
   4.5000000e+01
   3.1000000e+01
   4.3000000e+01
   4.8000000e+01
   4.2000000e+01
   4.7000000e+01
   3.6000000e+01
   3.8000000e+01
   2.6000000e+01
   3.5000000e+01
   2.2000000e+01
   3.9000000e+01
   3.0000000e+01
   3.0000000e+01
   5.9000000e+01
   5.0000000e+01
   6.3000000e+01
   4.0000000e+01
   2.5000000e+01
   4.8000000e+01
   5.8000000e+01
   5.6000000e+01
   3.8000000e+01
   3.6000000e+01
   4.4000000e+01
   4.3000000e+01
   5.6000000e+01
   9.4000000e+01
   8.2000000e+01
   5.9000000e+01
   6.3000000e+01
   5.4000000e+01
   6.2000000e+01
   7.0000000e+01
   6.8000000e+01
   1.1100000e+02
   1.6000000e+02
   1.7900000e+02
   2.3000000e+02
   3.2600000e+02
   4.2100000e+02
   5.7200000e+02
   6.5400000e+02
   7.8600000e+02
   7.6200000e+02
   9.6000000e+02
   1.0910000e+03
   1.1980000e+03
   1.3540000e+03
   1.5570000e+03
   1.6790000e+03
   1.6880000e+03
   1.9200000e+03
   1.7940000e+03
   2.0350000e+03
   2.0240000e+03
   2.0980000e+03
   2.3860000e+03
   2.1690000e+03
   2.3970000e+03
   2.3770000e+03
   2.3470000e+03
   2.4620000e+03
   2.5540000e+03
   2.4010000e+03
   2.5020000e+03
   3.0190000e+03
   2.6350000e+03
   2.5580000e+03
   2.3720000e+03
   2.4020000e+03
   2.4850000e+03
   2.4150000e+03
   2.4510000e+03
   2.4420000e+03
   2.3570000e+03
   2.1600000e+03
   2.0460000e+03
   2.0110000e+03
   1.9440000e+03
   1.9010000e+03
   1.7430000e+03
   1.5770000e+03
   1.4690000e+03
   1.4420000e+03
   1.3300000e+03
   1.0950000e+03
   1.0390000e+03
   8.1900000e+02
   7.4500000e+02
   7.2700000e+02
   5.5900000e+02
   5.3700000e+02
   4.1000000e+02
   2.7300000e+02
   2.4300000e+02
   1.8000000e+02
   1.1900000e+02
   1.3100000e+02
   7.7000000e+01
   9.5000000e+01
   7.9000000e+01
   5.9000000e+01
   4.2000000e+01
   5.8000000e+01
   4.4000000e+01
   4.4000000e+01
   3.9000000e+01
   4.4000000e+01
   4.1000000e+01
   3.9000000e+01
   5.6000000e+01
   3.9000000e+01
   5.1000000e+01
   3.6000000e+01
   3.6000000e+01
   2.9000000e+01
   3.9000000e+01
   4.0000000e+01
   3.7000000e+01
   2.9000000e+01
   3.0000000e+01
   2.5000000e+01
   5.0000000e+01
   3.6000000e+01
   3.5000000e+01
   3.0000000e+01
   4.2000000e+01
   2.0000000e+01
   3.8000000e+01
   4.0000000e+01
   3.0000000e+01
   4.1000000e+01
   2.6000000e+01
   3.0000000e+01
   2.4000000e+01
   2.1000000e+01
   1.4000000e+01
   1.4000000e+01
   2.4000000e+01
   3.0000000e+01
   2.1000000e+01
   1.9000000e+01
   3.1000000e+01
   1.6000000e+01
   1.0000000e+01
   2.2000000e+01
   2.2000000e+01
   1.5000000e+01
   2.4000000e+01
   1.4000000e+01
   1.7000000e+01
   1.9000000e+01
   1.7000000e+01
   1.6000000e+01
   2.0000000e+01
   2.4000000e+01
   1.0000000e+01
   9.0000000e+00
   1.0000000e+01
   3.3000000e+01
   9.0000000e+00
   8.0000000e+00
   1.1000000e+01
   6.0000000e+00
   5.0000000e+00
   5.0000000e+00
