   4.0000000e+00
   4.0000000e+00
   2.0000000e+00
   1.0000000e+00
   8.0000000e+00
   9.0000000e+00
   1.0000000e+01
   1.3000000e+01
   1.6000000e+01
   1.8000000e+01
   2.0000000e+01
   2.8000000e+01
   2.3000000e+01
   4.4000000e+01
   5.1000000e+01
   5.3000000e+01
   3.9000000e+01
   5.4000000e+01
   6.8000000e+01
   8.3000000e+01
   8.1000000e+01
   5.9000000e+01
   1.0800000e+02
   1.3600000e+02
   1.6200000e+02
   1.4800000e+02
   2.1500000e+02
   1.6400000e+02
   1.6400000e+02
   2.2100000e+02
   2.0800000e+02
   2.2800000e+02
   1.9700000e+02
   2.7700000e+02
   2.7600000e+02
   3.0100000e+02
   3.0500000e+02
   2.6600000e+02
   3.5200000e+02
   4.2800000e+02
   4.4700000e+02
   5.1700000e+02
   5.3800000e+02
   5.4300000e+02
   6.0300000e+02
   5.9400000e+02
   6.2800000e+02
   6.8600000e+02
   7.5400000e+02
   7.8100000e+02
   7.4800000e+02
   8.0200000e+02
   8.0600000e+02
   8.2900000e+02
   1.0170000e+03
   9.9500000e+02
   1.0610000e+03
   1.1060000e+03
   9.7800000e+02
   1.0330000e+03
   1.1590000e+03
   1.2710000e+03
   1.1190000e+03
   1.1900000e+03
   1.2620000e+03
   1.3000000e+03
   1.2090000e+03
   1.3660000e+03
   1.4490000e+03
   1.5400000e+03
   1.4410000e+03
   1.5130000e+03
   1.5830000e+03
   1.5020000e+03
   1.4490000e+03
   1.4360000e+03
   1.6390000e+03
   1.6250000e+03
   1.7000000e+03
   1.6470000e+03
   1.6450000e+03
   1.6750000e+03
   1.8820000e+03
   1.8200000e+03
   1.9430000e+03
   1.9900000e+03
   2.3470000e+03
   2.9620000e+03
   4.5980000e+03
   7.7660000e+03
   1.5486000e+04
   2.7464000e+04
   4.4964000e+04
   6.4655000e+04
   7.8593000e+04
   8.3510000e+04
   8.1825000e+04
   7.5303000e+04
   6.7823000e+04
   6.5237000e+04
   4.8421000e+04
   4.0678000e+04
   3.4268000e+04
   2.7623000e+04
   2.1332000e+04
   1.6095000e+04
   1.1675000e+04
   7.8230000e+03
   5.2320000e+03
   3.6570000e+03
   2.3110000e+03
   1.5660000e+03
   1.2950000e+03
   9.4800000e+02
   7.9100000e+02
   7.8800000e+02
   5.9100000e+02
   5.1800000e+02
   6.0200000e+02
   5.6000000e+02
   4.1500000e+02
   4.6000000e+02
   4.2600000e+02
   4.1100000e+02
   3.7100000e+02
   3.3800000e+02
   3.3900000e+02
   2.8700000e+02
   2.6600000e+02
   2.6100000e+02
   2.4300000e+02
   2.6500000e+02
   1.7300000e+02
   2.0000000e+02
   1.7800000e+02
   1.4900000e+02
   1.6800000e+02
   1.4800000e+02
   1.4300000e+02
   1.0000000e+02
   1.1200000e+02
   8.7000000e+01
   9.3000000e+01
   5.3000000e+01
   7.1000000e+01
   3.9000000e+01
   5.6000000e+01
   3.6000000e+01
   3.2000000e+01
   3.4000000e+01
   3.6000000e+01
   1.9000000e+01
   1.4000000e+01
   1.7000000e+01
   1.5000000e+01
   3.0000000e+00
   6.0000000e+00
   1.1000000e+01
   6.0000000e+00
   5.0000000e+00
   1.0000000e+00
   2.0000000e+00
   0.0000000e+00
   0.0000000e+00
   0.0000000e+00
   0.0000000e+00
   0.0000000e+00
   0.0000000e+00
   0.0000000e+00
   0.0000000e+00
   0.0000000e+00
   0.0000000e+00
   0.0000000e+00
   0.0000000e+00
   0.0000000e+00
   0.0000000e+00
   0.0000000e+00
   0.0000000e+00
   0.0000000e+00
   0.0000000e+00
   0.0000000e+00
   0.0000000e+00
   0.0000000e+00
   0.0000000e+00
   0.0000000e+00
   0.0000000e+00
   0.0000000e+00
   0.0000000e+00
   0.0000000e+00
   0.0000000e+00
   0.0000000e+00
   0.0000000e+00
   0.0000000e+00
   0.0000000e+00
   0.0000000e+00
   0.0000000e+00
   0.0000000e+00
   0.0000000e+00
   0.0000000e+00
   0.0000000e+00
