   0.0000000e+00
   0.0000000e+00
   0.0000000e+00
   0.0000000e+00
   0.0000000e+00
   0.0000000e+00
   0.0000000e+00
   0.0000000e+00
   0.0000000e+00
   0.0000000e+00
   0.0000000e+00
   0.0000000e+00
   0.0000000e+00
   0.0000000e+00
   0.0000000e+00
   1.0000000e+00
   0.0000000e+00
   2.0000000e+00
   5.0000000e+00
   2.0000000e+00
   8.0000000e+00
   5.0000000e+00
   7.0000000e+00
   9.0000000e+00
   1.0000000e+01
   8.0000000e+00
   4.0000000e+00
   2.2000000e+01
   1.8000000e+01
   2.0000000e+01
   2.4000000e+01
   1.5000000e+01
   2.3000000e+01
   1.5000000e+01
   2.0000000e+01
   3.5000000e+01
   3.3000000e+01
   3.9000000e+01
   4.4000000e+01
   5.0000000e+01
   6.1000000e+01
   4.6000000e+01
   5.3000000e+01
   7.1000000e+01
   6.3000000e+01
   1.0000000e+02
   5.0000000e+01
   7.0000000e+01
   5.5000000e+01
   5.7000000e+01
   8.5000000e+01
   1.0100000e+02
   9.1000000e+01
   1.0200000e+02
   9.5000000e+01
   1.0100000e+02
   8.3000000e+01
   1.0400000e+02
   1.0600000e+02
   1.0100000e+02
   9.5000000e+01
   1.2800000e+02
   1.5000000e+02
   1.6400000e+02
   1.4500000e+02
   1.6500000e+02
   1.7200000e+02
   1.9100000e+02
   1.6700000e+02
   1.7400000e+02
   1.9800000e+02
   1.7200000e+02
   1.6400000e+02
   2.1200000e+02
   2.3000000e+02
   2.3200000e+02
   1.7600000e+02
   1.9200000e+02
   2.4400000e+02
   2.2100000e+02
   2.6500000e+02
   2.4200000e+02
   2.7300000e+02
   3.0400000e+02
   4.9600000e+02
   6.0100000e+02
   7.5600000e+02
   1.1980000e+03
   1.8270000e+03
   2.4720000e+03
   3.7350000e+03
   4.5150000e+03
   5.7620000e+03
   6.9460000e+03
   7.3340000e+03
   7.6610000e+03
   7.6310000e+03
   7.0970000e+03
   6.4640000e+03
   6.4120000e+03
   4.7430000e+03
   4.2160000e+03
   3.1500000e+03
   2.6050000e+03
   1.9340000e+03
   1.4770000e+03
   1.0670000e+03
   7.2800000e+02
   5.5200000e+02
   3.6000000e+02
   2.4700000e+02
   2.2100000e+02
   1.2200000e+02
   8.9000000e+01
   7.3000000e+01
   8.8000000e+01
   4.9000000e+01
   7.7000000e+01
   4.2000000e+01
   4.9000000e+01
   3.9000000e+01
   2.3000000e+01
   4.1000000e+01
   8.0000000e+00
   2.5000000e+01
   2.2000000e+01
   3.9000000e+01
   3.5000000e+01
   1.7000000e+01
   1.9000000e+01
   1.0000000e+01
   1.3000000e+01
   1.8000000e+01
   1.1000000e+01
   8.0000000e+00
   7.0000000e+00
   4.0000000e+00
   4.0000000e+00
   3.0000000e+00
   7.0000000e+00
   1.0000000e+00
   1.0000000e+00
   1.0000000e+00
   0.0000000e+00
   4.0000000e+00
   1.0000000e+00
   0.0000000e+00
   0.0000000e+00
   0.0000000e+00
   1.0000000e+00
   0.0000000e+00
   0.0000000e+00
   0.0000000e+00
   0.0000000e+00
   0.0000000e+00
   0.0000000e+00
   0.0000000e+00
   0.0000000e+00
   0.0000000e+00
   0.0000000e+00
   0.0000000e+00
   0.0000000e+00
   0.0000000e+00
   0.0000000e+00
   0.0000000e+00
   0.0000000e+00
   0.0000000e+00
   0.0000000e+00
   0.0000000e+00
   0.0000000e+00
   0.0000000e+00
   0.0000000e+00
   0.0000000e+00
   0.0000000e+00
   0.0000000e+00
   0.0000000e+00
   0.0000000e+00
   0.0000000e+00
   0.0000000e+00
   0.0000000e+00
   0.0000000e+00
   0.0000000e+00
   0.0000000e+00
   0.0000000e+00
   0.0000000e+00
   0.0000000e+00
   0.0000000e+00
   0.0000000e+00
   0.0000000e+00
   0.0000000e+00
   0.0000000e+00
   0.0000000e+00
   0.0000000e+00
   0.0000000e+00
   0.0000000e+00
   0.0000000e+00
   0.0000000e+00
   0.0000000e+00
   0.0000000e+00
   0.0000000e+00
