   9.0000000e+00
   1.3000000e+01
   1.8000000e+01
   2.9000000e+01
   4.3000000e+01
   5.3000000e+01
   5.6000000e+01
   5.3000000e+01
   5.9000000e+01
   8.9000000e+01
   1.2800000e+02
   1.3500000e+02
   1.6200000e+02
   2.0600000e+02
   2.1500000e+02
   2.3200000e+02
   2.6600000e+02
   3.7300000e+02
   4.4600000e+02
   3.6300000e+02
   4.0200000e+02
   4.3800000e+02
   5.5000000e+02
   6.5500000e+02
   6.8300000e+02
   7.3500000e+02
   6.9200000e+02
   7.7900000e+02
   1.0130000e+03
   9.9700000e+02
   1.0120000e+03
   1.1210000e+03
   1.1760000e+03
   1.2470000e+03
   1.1610000e+03
   1.5320000e+03
   1.5060000e+03
   1.6400000e+03
   1.6180000e+03
   1.6480000e+03
   1.7630000e+03
   2.1320000e+03
   2.2570000e+03
   1.9550000e+03
   2.3190000e+03
   2.4050000e+03
   2.6540000e+03
   2.6610000e+03
   2.7600000e+03
   3.0450000e+03
   3.0420000e+03
   3.1000000e+03
   3.3040000e+03
   3.1810000e+03
   3.6840000e+03
   3.7340000e+03
   3.7870000e+03
   4.1050000e+03
   3.8840000e+03
   3.9470000e+03
   4.3010000e+03
   4.3370000e+03
   4.5660000e+03
   4.6230000e+03
   4.8530000e+03
   4.6570000e+03
   4.6920000e+03
   4.7410000e+03
   4.8190000e+03
   4.8980000e+03
   5.0690000e+03
   5.0880000e+03
   5.1260000e+03
   5.4520000e+03
   5.2330000e+03
   5.4320000e+03
   5.3500000e+03
   5.3540000e+03
   5.9050000e+03
   5.4460000e+03
   5.3080000e+03
   5.5240000e+03
   5.5430000e+03
   5.9980000e+03
   6.5500000e+03
   8.0330000e+03
   1.0135000e+04
   1.4241000e+04
   2.3048000e+04
   3.9548000e+04
   6.6759000e+04
   1.0331800e+05
   1.5124400e+05
   2.0636000e+05
   2.6143500e+05
   2.9175100e+05
   2.8532900e+05
   2.4961900e+05
   2.0313600e+05
   1.6944800e+05
   1.0803300e+05
   7.5644000e+04
   5.2728000e+04
   3.4970000e+04
   2.3574000e+04
   1.5084000e+04
   9.3740000e+03
   6.4370000e+03
   4.3650000e+03
   3.3750000e+03
   3.0560000e+03
   2.7720000e+03
   2.4500000e+03
   2.4330000e+03
   2.3020000e+03
   2.1700000e+03
   1.7510000e+03
   1.8390000e+03
   1.7790000e+03
   1.6980000e+03
   1.5970000e+03
   1.3960000e+03
   1.3560000e+03
   1.1610000e+03
   1.0950000e+03
   1.0750000e+03
   9.3600000e+02
   8.5400000e+02
   8.3700000e+02
   7.8300000e+02
   6.4800000e+02
   5.5900000e+02
   5.1800000e+02
   5.2300000e+02
   4.2500000e+02
   3.3100000e+02
   4.0500000e+02
   2.5400000e+02
   2.6500000e+02
   1.8700000e+02
   2.0000000e+02
   1.9600000e+02
   1.6200000e+02
   1.5400000e+02
   1.1400000e+02
   7.9000000e+01
   8.8000000e+01
   5.4000000e+01
   7.1000000e+01
   4.4000000e+01
   7.1000000e+01
   3.5000000e+01
   3.5000000e+01
   1.7000000e+01
   2.5000000e+01
   1.7000000e+01
   1.2000000e+01
   7.0000000e+00
   5.0000000e+00
   0.0000000e+00
   2.0000000e+00
   2.0000000e+00
   0.0000000e+00
   3.0000000e+00
   0.0000000e+00
   7.0000000e+00
   2.0000000e+00
   0.0000000e+00
   0.0000000e+00
   0.0000000e+00
   0.0000000e+00
   0.0000000e+00
   0.0000000e+00
   0.0000000e+00
   0.0000000e+00
   0.0000000e+00
   0.0000000e+00
   0.0000000e+00
   0.0000000e+00
   0.0000000e+00
   0.0000000e+00
   0.0000000e+00
   0.0000000e+00
   0.0000000e+00
   0.0000000e+00
   0.0000000e+00
   0.0000000e+00
   0.0000000e+00
   0.0000000e+00
   0.0000000e+00
   0.0000000e+00
   0.0000000e+00
   0.0000000e+00
   0.0000000e+00
   0.0000000e+00
   0.0000000e+00
   0.0000000e+00
   0.0000000e+00
   0.0000000e+00
   0.0000000e+00
