   5.11726791123785e+01
   3.09781451046947e+01
   7.24493966440606e+00
   2.78468787616218e+01
   1.44811679703032e+01
   8.58480319437575e+01
   6.52373051012277e+01
   2.37973517030071e+01
   1.18203674811221e+01
   1.42184270872738e+01
   1.91153831609389e+01
   1.21076535991685e+01
   1.69929974924875e+01
   9.84004643589706e+01
   5.59576696491841e+01
   1.03969918250175e+01
   1.03424240873220e+02
   1.83869017076468e+01
   1.51132058182942e+01
   6.82928691764968e+01
   8.33671671935536e+00
   9.89871160059627e+01
   9.49664404532694e+01
   1.46930296284008e+01
   1.47900640984060e+01
   3.86031563327039e+01
   1.45846432240831e+01
   8.01333379399841e+00
   1.94585860561878e+01
   9.97733460240179e+00
   7.52196998666562e+00
   8.80756546110925e+01
   9.62098378850178e+00
   8.34974683392115e+01
   2.12849263008278e+01
   9.52690706557223e+00
   1.03383053442795e+01
   2.11701919018850e+01
   1.46127122169736e+01
   4.81676567833058e+01
   1.16181996405597e+01
   2.59639294117925e+01
   2.62783196270463e+01
   8.05832541865326e+01
   4.84058419658220e+01
   7.41718944472449e+00
   8.19384260083828e+01
   2.21744614222033e+01
   1.14801113865166e+01
   1.41925428636497e+01
   2.17147966678986e+01
   1.17029312919981e+01
   6.84268578886819e+00
   5.58093550603252e+01
   1.51382687834705e+01
   1.20865284806590e+01
   1.62067742194219e+01
   3.13112179985172e+01
   7.95202749767091e+00
   5.70824318629547e+01
   3.35837389290168e+01
   1.80485495198838e+01
   7.04195957227958e+00
   2.59631257195815e+01
   4.45239438029876e+01
   9.01756769256638e+00
   1.24560681495676e+01
   1.02913094860776e+02
   9.51582904770455e+00
   9.94152271830174e+00
   1.67572721693358e+01
   2.37010320298787e+01
   1.49708772243505e+01
   6.74699509376534e+00
   7.94682945407259e+00
   6.70057052885751e+01
   1.00715746129549e+01
   7.55084750191929e+00
   1.62749797233830e+01
   5.82991008241720e+01
   1.04206929609391e+02
   1.08009980081346e+01
   1.36516415089451e+01
   4.09988285832979e+01
   1.26286765701472e+01
   9.64884525363116e+01
   7.77064173840396e+01
   9.23432379224254e+01
   6.47536160306922e+00
   1.24526187279273e+01
   5.73447179686582e+01
   2.09682027995406e+01
   8.73679100340560e+01
   1.79240063625821e+01
   2.05478839376053e+01
   6.95282061045577e+00
   1.25357106889629e+01
   8.92405212879452e+00
   4.66801907679600e+01
   1.00755606771531e+01
