  -1.0577971e+04
  -1.0555514e+04
  -1.0533057e+04
  -1.0510600e+04
  -1.0488143e+04
  -1.0465685e+04
  -1.0443228e+04
  -1.0420771e+04
  -1.0398314e+04
  -1.0375857e+04
  -1.0353399e+04
  -1.0330942e+04
  -1.0308485e+04
  -1.0286028e+04
  -1.0263571e+04
  -1.0241113e+04
  -1.0218656e+04
  -1.0196199e+04
  -1.0173742e+04
  -1.0151285e+04
  -1.0128827e+04
  -1.0106370e+04
  -1.0083913e+04
  -1.0061456e+04
  -1.0038999e+04
  -1.0016541e+04
  -9.9940842e+03
  -9.9716270e+03
  -9.9491698e+03
  -9.9267126e+03
  -9.9042554e+03
  -9.8817982e+03
  -9.8593410e+03
  -9.8368838e+03
  -9.8144266e+03
  -9.7919694e+03
  -9.7695122e+03
  -9.7470550e+03
  -9.7245978e+03
  -9.7021406e+03
  -9.6796834e+03
  -9.6572262e+03
  -9.6347690e+03
  -9.6123118e+03
  -9.5898546e+03
  -9.5673974e+03
  -9.5449402e+03
  -9.5224830e+03
  -9.5000258e+03
  -9.4775686e+03
  -9.4551114e+03
  -9.4326542e+03
  -9.4101970e+03
  -9.3877398e+03
  -9.3652826e+03
  -9.3428254e+03
  -9.3203682e+03
  -9.2979110e+03
  -9.2754538e+03
  -9.2529966e+03
  -9.2305394e+03
  -9.2080822e+03
  -9.1856250e+03
  -9.1631678e+03
  -9.1407106e+03
  -9.1182534e+03
  -9.0957962e+03
  -9.0733390e+03
  -9.0508818e+03
  -9.0284246e+03
  -9.0059674e+03
  -8.9835102e+03
  -8.9610530e+03
  -8.9385958e+03
  -8.9161386e+03
  -8.8936814e+03
  -8.8712242e+03
  -8.8487670e+03
  -8.8263098e+03
  -8.8038526e+03
  -8.7813954e+03
  -8.7589382e+03
  -8.7364810e+03
  -8.7140238e+03
  -8.6915666e+03
  -8.6691094e+03
  -8.6466522e+03
  -8.6241950e+03
  -8.6017378e+03
  -8.5792806e+03
  -8.5568234e+03
  -8.5343662e+03
  -8.5119090e+03
  -8.4894518e+03
  -8.4669946e+03
  -8.4445374e+03
  -8.4220802e+03
  -8.3996230e+03
  -8.3771658e+03
  -8.3547086e+03
  -8.3322514e+03
  -8.3097942e+03
  -8.2873370e+03
  -8.2648798e+03
  -8.2424226e+03
  -8.2199654e+03
  -8.1975082e+03
  -8.1750510e+03
  -8.1525938e+03
  -8.1301366e+03
  -8.1076794e+03
  -8.0852222e+03
  -8.0627650e+03
  -8.0403078e+03
  -8.0178506e+03
  -7.9953934e+03
  -7.9729362e+03
  -7.9504790e+03
  -7.9280218e+03
  -7.9055646e+03
  -7.8831074e+03
  -7.8606502e+03
  -7.8381930e+03
  -7.8157358e+03
  -7.7932786e+03
  -7.7708214e+03
  -7.7483642e+03
  -7.7259070e+03
  -7.7034498e+03
  -7.6809926e+03
  -7.6585354e+03
  -7.6360782e+03
  -7.6136210e+03
  -7.5911638e+03
  -7.5687066e+03
  -7.5462494e+03
  -7.5237922e+03
  -7.5013350e+03
  -7.4788778e+03
  -7.4564206e+03
  -7.4339634e+03
  -7.4115062e+03
  -7.3890490e+03
  -7.3665918e+03
  -7.3441346e+03
  -7.3216774e+03
  -7.2992202e+03
  -7.2767630e+03
  -7.2543058e+03
  -7.2318486e+03
  -7.2093914e+03
  -7.1869342e+03
  -7.1644770e+03
  -7.1420198e+03
  -7.1195626e+03
  -7.0971054e+03
  -7.0746482e+03
  -7.0521910e+03
  -7.0297338e+03
  -7.0072766e+03
  -6.9848194e+03
  -6.9623622e+03
  -6.9399050e+03
  -6.9174478e+03
  -6.8949906e+03
  -6.8725334e+03
  -6.8500762e+03
  -6.8276190e+03
  -6.8051618e+03
  -6.7827046e+03
  -6.7602474e+03
  -6.7377902e+03
  -6.7153330e+03
  -6.6928758e+03
  -6.6704186e+03
  -6.6479614e+03
  -6.6255042e+03
  -6.6030470e+03
  -6.5805898e+03
  -6.5581326e+03
  -6.5356754e+03
  -6.5132182e+03
  -6.4907610e+03
  -6.4683038e+03
  -6.4458466e+03
  -6.4233894e+03
  -6.4009322e+03
  -6.3784750e+03
  -6.3560178e+03
  -6.3335606e+03
  -6.3111034e+03
  -6.2886462e+03
  -6.2661890e+03
  -6.2437318e+03
  -6.2212746e+03
  -6.1988174e+03
  -6.1763602e+03
  -6.1539030e+03
  -6.1314458e+03
  -6.1089886e+03
  -6.0865314e+03
  -6.0640742e+03
  -6.0416170e+03
  -6.0191598e+03
  -5.9967026e+03
  -5.9742454e+03
  -5.9517882e+03
  -5.9293310e+03
  -5.9068738e+03
  -5.8844166e+03
  -5.8619594e+03
  -5.8395022e+03
  -5.8170450e+03
  -5.7945878e+03
  -5.7721306e+03
  -5.7496734e+03
  -5.7272162e+03
  -5.7047590e+03
  -5.6823018e+03
  -5.6598446e+03
  -5.6373874e+03
  -5.6149302e+03
  -5.5924730e+03
  -5.5700158e+03
  -5.5475586e+03
  -5.5251014e+03
  -5.5026442e+03
  -5.4801870e+03
  -5.4577298e+03
  -5.4352726e+03
  -5.4128154e+03
  -5.3903582e+03
  -5.3679010e+03
  -5.3454438e+03
  -5.3229866e+03
  -5.3005294e+03
  -5.2780722e+03
  -5.2556150e+03
  -5.2331578e+03
  -5.2107006e+03
  -5.1882434e+03
  -5.1657862e+03
  -5.1433290e+03
  -5.1208718e+03
  -5.0984146e+03
  -5.0759574e+03
  -5.0535002e+03
  -5.0310430e+03
  -5.0085858e+03
  -4.9861286e+03
  -4.9636714e+03
  -4.9412142e+03
  -4.9187570e+03
  -4.8962998e+03
  -4.8738426e+03
  -4.8513854e+03
  -4.8289282e+03
  -4.8064710e+03
  -4.7840138e+03
  -4.7615566e+03
  -4.7390994e+03
  -4.7166422e+03
  -4.6941850e+03
  -4.6717278e+03
  -4.6492706e+03
  -4.6268134e+03
  -4.6043562e+03
  -4.5818990e+03
  -4.5594418e+03
  -4.5369846e+03
  -4.5145274e+03
  -4.4920702e+03
  -4.4696130e+03
  -4.4471558e+03
  -4.4246986e+03
  -4.4022414e+03
  -4.3797842e+03
  -4.3573270e+03
  -4.3348698e+03
  -4.3124126e+03
  -4.2899554e+03
  -4.2674982e+03
  -4.2450410e+03
  -4.2225838e+03
  -4.2001266e+03
  -4.1776694e+03
  -4.1552122e+03
  -4.1327550e+03
  -4.1102978e+03
  -4.0878406e+03
  -4.0653834e+03
  -4.0429262e+03
  -4.0204690e+03
  -3.9980118e+03
  -3.9755546e+03
  -3.9530974e+03
  -3.9306402e+03
  -3.9081830e+03
  -3.8857258e+03
  -3.8632686e+03
  -3.8408114e+03
  -3.8183542e+03
  -3.7958970e+03
  -3.7734398e+03
  -3.7509826e+03
  -3.7285254e+03
  -3.7060682e+03
  -3.6836110e+03
  -3.6611538e+03
  -3.6386966e+03
  -3.6162394e+03
  -3.5937822e+03
  -3.5713250e+03
  -3.5488678e+03
  -3.5264106e+03
  -3.5039534e+03
  -3.4814962e+03
  -3.4590390e+03
  -3.4365818e+03
  -3.4141246e+03
  -3.3916674e+03
  -3.3692102e+03
  -3.3467530e+03
  -3.3242958e+03
  -3.3018386e+03
  -3.2793814e+03
  -3.2569242e+03
  -3.2344670e+03
  -3.2120098e+03
  -3.1895526e+03
  -3.1670954e+03
  -3.1446382e+03
  -3.1221810e+03
  -3.0997238e+03
  -3.0772666e+03
  -3.0548094e+03
  -3.0323522e+03
  -3.0098950e+03
  -2.9874378e+03
  -2.9649806e+03
  -2.9425234e+03
  -2.9200662e+03
  -2.8976090e+03
  -2.8751518e+03
  -2.8526946e+03
  -2.8302374e+03
  -2.8077802e+03
  -2.7853230e+03
  -2.7628658e+03
  -2.7404086e+03
  -2.7179514e+03
  -2.6954942e+03
  -2.6730370e+03
  -2.6505798e+03
  -2.6281226e+03
  -2.6056654e+03
  -2.5832082e+03
  -2.5607510e+03
  -2.5382938e+03
  -2.5158366e+03
  -2.4933794e+03
  -2.4709222e+03
  -2.4484650e+03
  -2.4260078e+03
  -2.4035506e+03
  -2.3810934e+03
  -2.3586362e+03
  -2.3361790e+03
  -2.3137218e+03
  -2.2912646e+03
  -2.2688074e+03
  -2.2463502e+03
  -2.2238930e+03
  -2.2014358e+03
  -2.1789786e+03
  -2.1565214e+03
  -2.1340642e+03
  -2.1116070e+03
  -2.0891498e+03
  -2.0666926e+03
  -2.0442354e+03
  -2.0217782e+03
  -1.9993210e+03
  -1.9768638e+03
  -1.9544066e+03
  -1.9319494e+03
  -1.9094922e+03
  -1.8870350e+03
  -1.8645778e+03
  -1.8421206e+03
  -1.8196634e+03
  -1.7972062e+03
  -1.7747490e+03
  -1.7522918e+03
  -1.7298346e+03
  -1.7073774e+03
  -1.6849202e+03
  -1.6624630e+03
  -1.6400058e+03
  -1.6175486e+03
  -1.5950914e+03
  -1.5726342e+03
  -1.5501770e+03
  -1.5277198e+03
  -1.5052626e+03
  -1.4828054e+03
  -1.4603482e+03
  -1.4378910e+03
  -1.4154338e+03
  -1.3929766e+03
  -1.3705194e+03
  -1.3480622e+03
  -1.3256050e+03
  -1.3031478e+03
  -1.2806906e+03
  -1.2582334e+03
  -1.2357762e+03
  -1.2133190e+03
  -1.1908618e+03
  -1.1684046e+03
  -1.1459474e+03
  -1.1234902e+03
  -1.1010330e+03
  -1.0785758e+03
  -1.0561186e+03
  -1.0336614e+03
  -1.0112042e+03
  -9.8874700e+02
  -9.6628980e+02
  -9.4383260e+02
  -9.2137540e+02
  -8.9891820e+02
  -8.7646100e+02
  -8.5400380e+02
  -8.3154660e+02
  -8.0908940e+02
  -7.8663220e+02
  -7.6417500e+02
  -7.4171780e+02
  -7.1926060e+02
  -6.9680340e+02
  -6.7434620e+02
  -6.5188900e+02
  -6.2943180e+02
  -6.0697460e+02
  -5.8451740e+02
  -5.6206020e+02
  -5.3960300e+02
  -5.1714580e+02
  -4.9468860e+02
  -4.7223140e+02
  -4.4977420e+02
  -4.2731700e+02
  -4.0485980e+02
  -3.8240260e+02
  -3.5994540e+02
  -3.3748820e+02
  -3.1503100e+02
  -2.9257380e+02
  -2.7011660e+02
  -2.4765940e+02
  -2.2520220e+02
  -2.0274500e+02
  -1.8028780e+02
  -1.5783060e+02
  -1.3537340e+02
  -1.1291620e+02
  -9.0459000e+01
  -6.8001800e+01
  -4.5544600e+01
  -2.3087400e+01
  -6.3020000e-01
   2.1827000e+01
   4.4284200e+01
   6.6741400e+01
   8.9198600e+01
   1.1165580e+02
   1.3411300e+02
   1.5657020e+02
   1.7902740e+02
   2.0148460e+02
   2.2394180e+02
   2.4639900e+02
   2.6885620e+02
   2.9131340e+02
   3.1377060e+02
   3.3622780e+02
   3.5868500e+02
   3.8114220e+02
   4.0359940e+02
   4.2605660e+02
   4.4851380e+02
   4.7097100e+02
   4.9342820e+02
   5.1588540e+02
   5.3834260e+02
   5.6079980e+02
   5.8325700e+02
   6.0571420e+02
   6.2817140e+02
   6.5062860e+02
   6.7308580e+02
   6.9554300e+02
   7.1800020e+02
   7.4045740e+02
   7.6291460e+02
   7.8537180e+02
   8.0782900e+02
   8.3028620e+02
   8.5274340e+02
   8.7520060e+02
   8.9765780e+02
   9.2011500e+02
   9.4257220e+02
   9.6502940e+02
   9.8748660e+02
   1.0099438e+03
   1.0324010e+03
   1.0548582e+03
   1.0773154e+03
   1.0997726e+03
   1.1222298e+03
   1.1446870e+03
   1.1671442e+03
   1.1896014e+03
   1.2120586e+03
   1.2345158e+03
   1.2569730e+03
   1.2794302e+03
   1.3018874e+03
   1.3243446e+03
   1.3468018e+03
   1.3692590e+03
   1.3917162e+03
   1.4141734e+03
   1.4366306e+03
   1.4590878e+03
   1.4815450e+03
   1.5040022e+03
   1.5264594e+03
   1.5489166e+03
   1.5713738e+03
   1.5938310e+03
   1.6162882e+03
   1.6387454e+03
   1.6612026e+03
   1.6836598e+03
   1.7061170e+03
   1.7285742e+03
   1.7510314e+03
   1.7734886e+03
   1.7959458e+03
   1.8184030e+03
   1.8408602e+03
   1.8633174e+03
   1.8857746e+03
   1.9082318e+03
   1.9306890e+03
   1.9531462e+03
   1.9756034e+03
   1.9980606e+03
   2.0205178e+03
   2.0429750e+03
   2.0654322e+03
   2.0878894e+03
   2.1103466e+03
   2.1328038e+03
   2.1552610e+03
   2.1777182e+03
   2.2001754e+03
   2.2226326e+03
   2.2450898e+03
   2.2675470e+03
   2.2900042e+03
   2.3124614e+03
   2.3349186e+03
   2.3573758e+03
   2.3798330e+03
   2.4022902e+03
   2.4247474e+03
   2.4472046e+03
   2.4696618e+03
   2.4921190e+03
   2.5145762e+03
   2.5370334e+03
   2.5594906e+03
   2.5819478e+03
   2.6044050e+03
   2.6268622e+03
   2.6493194e+03
   2.6717766e+03
   2.6942338e+03
   2.7166910e+03
   2.7391482e+03
   2.7616054e+03
   2.7840626e+03
   2.8065198e+03
   2.8289770e+03
   2.8514342e+03
   2.8738914e+03
   2.8963486e+03
   2.9188058e+03
   2.9412630e+03
   2.9637202e+03
   2.9861774e+03
   3.0086346e+03
   3.0310918e+03
   3.0535490e+03
   3.0760062e+03
   3.0984634e+03
   3.1209206e+03
   3.1433778e+03
   3.1658350e+03
   3.1882922e+03
   3.2107494e+03
   3.2332066e+03
   3.2556638e+03
   3.2781210e+03
   3.3005782e+03
   3.3230354e+03
   3.3454926e+03
   3.3679498e+03
   3.3904070e+03
   3.4128642e+03
   3.4353214e+03
   3.4577786e+03
   3.4802358e+03
   3.5026930e+03
   3.5251502e+03
   3.5476074e+03
   3.5700646e+03
   3.5925218e+03
   3.6149790e+03
   3.6374362e+03
   3.6598934e+03
   3.6823506e+03
   3.7048078e+03
   3.7272650e+03
   3.7497222e+03
   3.7721794e+03
   3.7946366e+03
   3.8170938e+03
   3.8395510e+03
   3.8620082e+03
   3.8844654e+03
   3.9069226e+03
   3.9293798e+03
   3.9518370e+03
   3.9742942e+03
   3.9967514e+03
   4.0192086e+03
   4.0416658e+03
   4.0641230e+03
   4.0865802e+03
   4.1090374e+03
   4.1314946e+03
   4.1539518e+03
   4.1764090e+03
   4.1988662e+03
   4.2213234e+03
   4.2437806e+03
   4.2662378e+03
   4.2886950e+03
   4.3111522e+03
   4.3336094e+03
   4.3560666e+03
   4.3785238e+03
   4.4009810e+03
   4.4234382e+03
   4.4458954e+03
   4.4683526e+03
   4.4908098e+03
   4.5132670e+03
   4.5357242e+03
   4.5581814e+03
   4.5806386e+03
   4.6030958e+03
   4.6255530e+03
   4.6480102e+03
   4.6704674e+03
   4.6929246e+03
   4.7153818e+03
   4.7378390e+03
   4.7602962e+03
   4.7827534e+03
   4.8052106e+03
   4.8276678e+03
   4.8501250e+03
   4.8725822e+03
   4.8950394e+03
   4.9174966e+03
   4.9399538e+03
   4.9624110e+03
   4.9848682e+03
   5.0073254e+03
   5.0297826e+03
   5.0522398e+03
   5.0746970e+03
   5.0971542e+03
   5.1196114e+03
   5.1420686e+03
   5.1645258e+03
   5.1869830e+03
   5.2094402e+03
   5.2318974e+03
   5.2543546e+03
   5.2768118e+03
   5.2992690e+03
   5.3217262e+03
   5.3441834e+03
   5.3666406e+03
   5.3890978e+03
   5.4115550e+03
   5.4340122e+03
   5.4564694e+03
   5.4789266e+03
   5.5013838e+03
   5.5238410e+03
   5.5462982e+03
   5.5687554e+03
   5.5912126e+03
   5.6136698e+03
   5.6361270e+03
   5.6585842e+03
   5.6810414e+03
   5.7034986e+03
   5.7259558e+03
   5.7484130e+03
   5.7708702e+03
   5.7933274e+03
   5.8157846e+03
   5.8382418e+03
   5.8606990e+03
   5.8831562e+03
   5.9056134e+03
   5.9280706e+03
   5.9505278e+03
   5.9729850e+03
   5.9954422e+03
   6.0178994e+03
   6.0403566e+03
   6.0628138e+03
   6.0852710e+03
   6.1077282e+03
   6.1301854e+03
   6.1526426e+03
   6.1750998e+03
   6.1975570e+03
   6.2200142e+03
   6.2424714e+03
   6.2649286e+03
   6.2873858e+03
   6.3098430e+03
   6.3323002e+03
   6.3547574e+03
   6.3772146e+03
   6.3996718e+03
   6.4221290e+03
   6.4445862e+03
   6.4670434e+03
   6.4895006e+03
   6.5119578e+03
   6.5344150e+03
   6.5568722e+03
   6.5793294e+03
   6.6017866e+03
   6.6242438e+03
   6.6467010e+03
   6.6691582e+03
   6.6916154e+03
   6.7140726e+03
   6.7365298e+03
   6.7589870e+03
   6.7814442e+03
   6.8039014e+03
   6.8263586e+03
   6.8488158e+03
   6.8712730e+03
   6.8937302e+03
   6.9161874e+03
   6.9386446e+03
   6.9611018e+03
   6.9835590e+03
   7.0060162e+03
   7.0284734e+03
   7.0509306e+03
   7.0733878e+03
   7.0958450e+03
   7.1183022e+03
   7.1407594e+03
   7.1632166e+03
   7.1856738e+03
   7.2081310e+03
   7.2305882e+03
   7.2530454e+03
   7.2755026e+03
   7.2979598e+03
   7.3204170e+03
   7.3428742e+03
   7.3653314e+03
   7.3877886e+03
   7.4102458e+03
   7.4327030e+03
   7.4551602e+03
   7.4776174e+03
   7.5000746e+03
   7.5225318e+03
   7.5449890e+03
   7.5674462e+03
   7.5899034e+03
   7.6123606e+03
   7.6348178e+03
   7.6572750e+03
   7.6797322e+03
   7.7021894e+03
   7.7246466e+03
   7.7471038e+03
   7.7695610e+03
   7.7920182e+03
   7.8144754e+03
   7.8369326e+03
   7.8593898e+03
   7.8818470e+03
   7.9043042e+03
   7.9267614e+03
   7.9492186e+03
   7.9716758e+03
   7.9941330e+03
   8.0165902e+03
   8.0390474e+03
   8.0615046e+03
   8.0839618e+03
   8.1064190e+03
   8.1288762e+03
   8.1513334e+03
   8.1737906e+03
   8.1962478e+03
   8.2187050e+03
   8.2411622e+03
   8.2636194e+03
   8.2860766e+03
   8.3085338e+03
   8.3309910e+03
   8.3534482e+03
   8.3759054e+03
   8.3983626e+03
   8.4208198e+03
   8.4432770e+03
   8.4657342e+03
   8.4881914e+03
   8.5106486e+03
   8.5331058e+03
   8.5555630e+03
   8.5780202e+03
   8.6004774e+03
   8.6229346e+03
   8.6453918e+03
   8.6678490e+03
   8.6903062e+03
   8.7127634e+03
   8.7352206e+03
   8.7576778e+03
   8.7801350e+03
   8.8025922e+03
   8.8250494e+03
   8.8475066e+03
   8.8699638e+03
   8.8924210e+03
   8.9148782e+03
   8.9373354e+03
   8.9597926e+03
   8.9822498e+03
   9.0047070e+03
   9.0271642e+03
   9.0496214e+03
   9.0720786e+03
   9.0945358e+03
   9.1169930e+03
   9.1394502e+03
   9.1619074e+03
   9.1843646e+03
   9.2068218e+03
   9.2292790e+03
   9.2517362e+03
   9.2741934e+03
   9.2966506e+03
   9.3191078e+03
   9.3415650e+03
   9.3640222e+03
   9.3864794e+03
   9.4089366e+03
   9.4313938e+03
   9.4538510e+03
   9.4763082e+03
   9.4987654e+03
   9.5212226e+03
   9.5436798e+03
   9.5661370e+03
   9.5885942e+03
   9.6110514e+03
   9.6335086e+03
   9.6559658e+03
   9.6784230e+03
   9.7008802e+03
   9.7233374e+03
   9.7457946e+03
   9.7682518e+03
   9.7907090e+03
   9.8131662e+03
   9.8356234e+03
   9.8580806e+03
   9.8805378e+03
   9.9029950e+03
   9.9254522e+03
   9.9479094e+03
   9.9703666e+03
   9.9928238e+03
   1.0015281e+04
   1.0037738e+04
   1.0060195e+04
   1.0082653e+04
   1.0105110e+04
   1.0127567e+04
   1.0150024e+04
   1.0172481e+04
   1.0194939e+04
   1.0217396e+04
   1.0239853e+04
   1.0262310e+04
   1.0284767e+04
   1.0307225e+04
   1.0329682e+04
   1.0352139e+04
   1.0374596e+04
   1.0397053e+04
   1.0419511e+04
   1.0441968e+04
   1.0464425e+04
   1.0486882e+04
   1.0509339e+04
   1.0531797e+04
   1.0554254e+04
   1.0576711e+04
   1.0599168e+04
   1.0621625e+04
   1.0644083e+04
   1.0666540e+04
   1.0688997e+04
   1.0711454e+04
   1.0733911e+04
   1.0756369e+04
   1.0778826e+04
   1.0801283e+04
   1.0823740e+04
   1.0846197e+04
   1.0868655e+04
   1.0891112e+04
   1.0913569e+04
   1.0936026e+04
   1.0958483e+04
   1.0980941e+04
   1.1003398e+04
   1.1025855e+04
   1.1048312e+04
   1.1070769e+04
   1.1093227e+04
   1.1115684e+04
   1.1138141e+04
   1.1160598e+04
   1.1183055e+04
   1.1205513e+04
   1.1227970e+04
   1.1250427e+04
   1.1272884e+04
   1.1295341e+04
   1.1317799e+04
   1.1340256e+04
   1.1362713e+04
   1.1385170e+04
   1.1407627e+04
   1.1430085e+04
   1.1452542e+04
   1.1474999e+04
   1.1497456e+04
   1.1519913e+04
   1.1542371e+04
   1.1564828e+04
   1.1587285e+04
   1.1609742e+04
   1.1632199e+04
   1.1654657e+04
   1.1677114e+04
   1.1699571e+04
   1.1722028e+04
   1.1744485e+04
   1.1766943e+04
   1.1789400e+04
   1.1811857e+04
   1.1834314e+04
   1.1856771e+04
