   5.6300000e+02
   1.2100000e+02
   5.7200000e+02
   9.2000000e+01
   8.7000000e+01
   8.6000000e+01
   3.0000000e+02
   5.2000000e+02
   2.2500000e+02
   1.4700000e+02
   1.6700000e+02
   9.6000000e+01
   2.6600000e+02
   3.4000000e+02
   1.0100000e+02
   3.3500000e+02
   1.3200000e+02
   3.4300000e+02
   5.8300000e+02
   3.6300000e+02
   1.5300000e+02
   2.5100000e+02
   1.9700000e+02
   2.1800000e+02
   5.9100000e+02
   2.2600000e+02
   2.4400000e+02
   2.7000000e+02
   6.9000000e+02
   3.4200000e+02
   3.9900000e+02
   3.5300000e+02
   4.6500000e+02
   3.2700000e+02
   1.0900000e+03
   4.2800000e+02
   2.7300000e+02
   1.8700000e+02
   2.4800000e+02
   5.7000000e+02
   3.8300000e+02
   9.8000000e+02
   3.1900000e+02
   5.1300000e+02
   2.3100000e+02
   4.1100000e+02
   1.0380000e+03
   3.1900000e+02
   3.7500000e+02
   6.5100000e+02
   2.8700000e+02
   6.0700000e+02
   9.9900000e+02
   7.0100000e+02
   3.7000000e+02
   6.7300000e+02
   3.6800000e+02
   2.5900000e+02
   2.9400000e+02
   5.1600000e+02
   2.8100000e+02
   3.4900000e+02
   5.5800000e+02
   3.2000000e+02
   5.0700000e+02
   3.6100000e+02
   5.3000000e+02
   3.0900000e+02
   2.9400000e+02
   4.9100000e+02
   4.4400000e+02
   6.5100000e+02
   5.5800000e+02
   5.6300000e+02
   2.8400000e+02
   3.4400000e+02
   4.3900000e+02
   6.9800000e+02
   4.5700000e+02
   6.6800000e+02
   3.3500000e+02
   7.7200000e+02
   4.3000000e+02
   7.7400000e+02
   3.6100000e+02
   3.5600000e+02
   6.9400000e+02
   6.3100000e+02
   4.5400000e+02
   7.6600000e+02
   6.2600000e+02
   6.0400000e+02
   6.2100000e+02
   4.0100000e+02
   4.6200000e+02
   6.6500000e+02
   7.3800000e+02
   6.5600000e+02
   3.8400000e+02
   6.6600000e+02
   6.8800000e+02
   3.9100000e+02
   6.3900000e+02
   4.6900000e+02
   4.7600000e+02
   5.9800000e+02
   4.1800000e+02
   3.8300000e+02
   4.9100000e+02
   7.0100000e+02
   8.9100000e+02
   7.0300000e+02
   6.0900000e+02
   4.0600000e+02
   8.0300000e+02
   5.3700000e+02
   4.7200000e+02
   6.3200000e+02
   4.4500000e+02
   8.8000000e+02
   6.6200000e+02
   6.7100000e+02
   6.2400000e+02
   6.6000000e+02
   6.1100000e+02
   6.6400000e+02
   4.6400000e+02
   5.9400000e+02
   6.4000000e+02
   7.7300000e+02
   1.0280000e+03
   8.7200000e+02
   1.0600000e+03
   4.7700000e+02
   5.2600000e+02
   7.8400000e+02
   4.7900000e+02
   7.9600000e+02
   4.4900000e+02
   7.3100000e+02
   8.6800000e+02
   7.6900000e+02
   6.2000000e+02
   7.3100000e+02
   6.0900000e+02
   1.0680000e+03
   5.1400000e+02
   7.6200000e+02
   7.4000000e+02
   9.8600000e+02
   5.5500000e+02
   8.4300000e+02
   1.1920000e+03
   9.5500000e+02
   7.1500000e+02
   8.9200000e+02
   7.0600000e+02
   6.3000000e+02
   9.2700000e+02
   7.6900000e+02
   5.2200000e+02
   5.7200000e+02
   8.0600000e+02
   6.7500000e+02
   5.3400000e+02
   1.3410000e+03
   6.2700000e+02
   6.5500000e+02
   7.9400000e+02
   8.7400000e+02
   5.7200000e+02
   9.4800000e+02
   9.9000000e+02
   7.8500000e+02
   6.2000000e+02
   9.7200000e+02
   6.4400000e+02
   7.0800000e+02
   1.1260000e+03
   6.7700000e+02
   7.1600000e+02
   6.5700000e+02
   8.7000000e+02
   1.0730000e+03
   1.1280000e+03
   1.0180000e+03
   8.6600000e+02
   1.1600000e+03
   9.4900000e+02
   7.0800000e+02
   9.3000000e+02
   6.8200000e+02
   1.2770000e+03
   7.2000000e+02
   7.5500000e+02
   8.5500000e+02
   7.5700000e+02
   6.7200000e+02
   1.4270000e+03
   7.9100000e+02
   7.5400000e+02
   1.0390000e+03
   7.2700000e+02
   1.0410000e+03
   7.0900000e+02
   9.7300000e+02
   7.6300000e+02
   9.4000000e+02
   1.0720000e+03
   9.1200000e+02
   1.1920000e+03
   1.4400000e+03
   1.0030000e+03
   1.3930000e+03
   1.0320000e+03
   1.2790000e+03
   1.0810000e+03
   1.0030000e+03
   1.7410000e+03
   1.0950000e+03
   1.3170000e+03
   1.5580000e+03
   1.2590000e+03
   1.3410000e+03
   1.4530000e+03
   1.7860000e+03
   1.6020000e+03
   1.4350000e+03
   1.8350000e+03
   1.6050000e+03
   1.7510000e+03
   2.1320000e+03
   1.5750000e+03
   2.0120000e+03
   1.5160000e+03
   2.0320000e+03
   1.6910000e+03
   1.6160000e+03
   2.1600000e+03
   1.5380000e+03
   2.1310000e+03
   2.2620000e+03
   1.8150000e+03
   1.6910000e+03
   1.5720000e+03
   2.5180000e+03
   1.6480000e+03
   2.2970000e+03
   2.4130000e+03
   2.0750000e+03
   2.2000000e+03
   2.5920000e+03
   1.8110000e+03
   2.2370000e+03
   2.5110000e+03
   1.9680000e+03
   1.9490000e+03
   2.1390000e+03
   2.7040000e+03
   2.1320000e+03
   2.3040000e+03
   3.0860000e+03
   2.0760000e+03
   2.7460000e+03
   2.8220000e+03
   2.1700000e+03
   2.0170000e+03
   2.3130000e+03
   2.8870000e+03
   2.1570000e+03
   2.4810000e+03
   3.1650000e+03
   2.3220000e+03
   2.6430000e+03
   3.0360000e+03
   2.4870000e+03
   2.2980000e+03
   2.2380000e+03
   3.1460000e+03
   2.5540000e+03
   2.7760000e+03
   2.5980000e+03
   2.5860000e+03
   2.2960000e+03
   2.8100000e+03
   2.3200000e+03
   2.6410000e+03
   2.1240000e+03
   2.7570000e+03
   2.1440000e+03
   2.1090000e+03
   3.0450000e+03
   2.5550000e+03
   2.4660000e+03
   3.0890000e+03
   2.8270000e+03
   2.2780000e+03
   2.3360000e+03
   3.0400000e+03
   2.1720000e+03
   2.8100000e+03
   2.9580000e+03
   2.3150000e+03
   2.5320000e+03
   3.0600000e+03
   2.7580000e+03
   2.4430000e+03
   3.1020000e+03
   2.4850000e+03
   2.6140000e+03
   2.5280000e+03
   3.1820000e+03
   2.7990000e+03
   2.4510000e+03
   3.0450000e+03
   2.6360000e+03
   2.7440000e+03
   2.9060000e+03
   2.0490000e+03
   2.1220000e+03
   2.6040000e+03
   2.8820000e+03
   2.6790000e+03
   2.2730000e+03
   3.2800000e+03
   2.1550000e+03
   2.6850000e+03
   2.9610000e+03
   2.3690000e+03
   2.3890000e+03
   2.0960000e+03
   3.4310000e+03
   2.5280000e+03
   2.6540000e+03
   3.1010000e+03
   2.5990000e+03
   2.7020000e+03
   3.1760000e+03
   2.5470000e+03
   2.6230000e+03
   2.5240000e+03
   3.8860000e+03
   2.3740000e+03
   2.5500000e+03
   3.6290000e+03
   2.8350000e+03
   2.6690000e+03
   3.6900000e+03
   2.6430000e+03
   2.3270000e+03
   3.3740000e+03
   2.2620000e+03
   2.7470000e+03
   3.3100000e+03
   3.0920000e+03
   2.6750000e+03
   3.1910000e+03
   3.1050000e+03
   2.7720000e+03
   2.6010000e+03
   3.1300000e+03
   2.1800000e+03
   2.4650000e+03
   2.5350000e+03
   3.2250000e+03
   2.6810000e+03
   2.9740000e+03
   3.2680000e+03
   2.6760000e+03
   2.4710000e+03
   3.3570000e+03
   2.9160000e+03
   2.5940000e+03
   2.9720000e+03
   3.1150000e+03
   2.5950000e+03
   2.5670000e+03
   3.2920000e+03
   2.3540000e+03
   2.7630000e+03
   3.3620000e+03
   2.8200000e+03
   2.5120000e+03
   2.2450000e+03
   3.3030000e+03
   2.3170000e+03
   2.4400000e+03
   2.9980000e+03
   2.7420000e+03
   3.0790000e+03
   2.8140000e+03
   2.5070000e+03
   2.8240000e+03
   2.6060000e+03
   3.4060000e+03
   2.8130000e+03
   2.7850000e+03
   3.2450000e+03
   2.3310000e+03
   2.5010000e+03
   3.4950000e+03
   2.5630000e+03
   2.5230000e+03
   3.5520000e+03
   2.3180000e+03
   2.7380000e+03
   3.4120000e+03
   3.1900000e+03
   2.5220000e+03
   2.5740000e+03
   3.7100000e+03
   2.4380000e+03
   2.6490000e+03
   3.2600000e+03
   2.6330000e+03
   2.9200000e+03
   2.4920000e+03
   3.8260000e+03
   2.7880000e+03
   3.0430000e+03
   3.2910000e+03
   3.1000000e+03
   2.6310000e+03
   3.9660000e+03
   3.6020000e+03
   2.5710000e+03
   3.4930000e+03
   3.2560000e+03
   3.0380000e+03
   2.6950000e+03
   3.7040000e+03
   2.2900000e+03
   2.4310000e+03
   3.5640000e+03
   3.0090000e+03
   2.8760000e+03
   2.3180000e+03
   3.1930000e+03
   2.4700000e+03
   2.8420000e+03
   3.4730000e+03
   2.8320000e+03
   2.7180000e+03
   4.1290000e+03
   2.3780000e+03
   3.1820000e+03
   2.3270000e+03
   3.4860000e+03
   2.6430000e+03
   2.7980000e+03
   3.9680000e+03
   2.8520000e+03
   3.0650000e+03
   3.6380000e+03
   3.1060000e+03
   2.6640000e+03
   3.0980000e+03
   2.5020000e+03
   3.1260000e+03
   2.3540000e+03
   3.6970000e+03
   3.1460000e+03
   2.6470000e+03
   3.2510000e+03
   2.5140000e+03
   2.9490000e+03
   4.0290000e+03
   2.6240000e+03
   2.6260000e+03
   3.2040000e+03
   3.7390000e+03
   2.7490000e+03
   2.5690000e+03
   3.3250000e+03
   3.1450000e+03
   2.4970000e+03
   3.4780000e+03
   2.8310000e+03
   3.4500000e+03
   3.2270000e+03
   3.1650000e+03
   2.7850000e+03
   2.8540000e+03
   4.5090000e+03
   2.7410000e+03
   3.1710000e+03
   3.6440000e+03
   3.4960000e+03
   2.7580000e+03
   2.9130000e+03
   4.1290000e+03
   2.4320000e+03
   3.0550000e+03
   3.8400000e+03
   2.6640000e+03
   2.6790000e+03
   4.0890000e+03
   3.0740000e+03
   2.5900000e+03
   3.7050000e+03
   1.8350000e+03
   2.3150000e+03
   2.3060000e+03
   3.2890000e+03
   2.4700000e+03
   2.5030000e+03
   2.7070000e+03
   2.1850000e+03
   2.0020000e+03
   3.2520000e+03
   2.1420000e+03
   2.0250000e+03
   2.2860000e+03
   2.7370000e+03
   2.3390000e+03
   2.1530000e+03
   2.7310000e+03
   2.1880000e+03
   2.3540000e+03
   3.0050000e+03
   2.0960000e+03
   2.4190000e+03
   1.9740000e+03
   2.7260000e+03
   2.2320000e+03
   2.1530000e+03
   2.6480000e+03
   2.1600000e+03
   2.0380000e+03
   2.8390000e+03
   1.9050000e+03
   2.4890000e+03
   2.0600000e+03
   2.7080000e+03
   2.1900000e+03
   2.0640000e+03
   2.8420000e+03
   1.9860000e+03
   2.1170000e+03
   2.5990000e+03
   2.0300000e+03
   2.1660000e+03
   1.7720000e+03
   2.5430000e+03
   2.0250000e+03
   2.2720000e+03
   2.5420000e+03
   2.2720000e+03
   1.9940000e+03
   2.5440000e+03
   2.0080000e+03
   2.0540000e+03
   2.8030000e+03
   2.1770000e+03
   1.9860000e+03
   2.0070000e+03
   2.3860000e+03
   1.8920000e+03
   2.0170000e+03
   2.4700000e+03
   2.0430000e+03
   2.1110000e+03
   2.3060000e+03
   1.8520000e+03
   2.4170000e+03
   2.1550000e+03
   2.4260000e+03
   1.9790000e+03
   1.6980000e+03
   2.4810000e+03
   2.2940000e+03
   1.9390000e+03
   2.4600000e+03
   1.9450000e+03
   1.7760000e+03
   1.8480000e+03
   2.5770000e+03
   2.1790000e+03
   1.9370000e+03
   2.5540000e+03
   2.1260000e+03
   1.8370000e+03
   2.6890000e+03
   1.9550000e+03
   1.8840000e+03
   2.0920000e+03
   2.3410000e+03
   1.8150000e+03
   1.9320000e+03
   2.4580000e+03
   1.9660000e+03
   1.8090000e+03
   2.3790000e+03
   2.0480000e+03
   1.6680000e+03
   1.7430000e+03
   2.5430000e+03
   2.0170000e+03
   1.7710000e+03
   2.2850000e+03
   2.0300000e+03
   2.2040000e+03
   2.1610000e+03
   1.5370000e+03
   1.7080000e+03
   2.8620000e+03
   1.6810000e+03
   2.0050000e+03
   1.8540000e+03
   2.4840000e+03
   1.6690000e+03
   1.8230000e+03
   2.2940000e+03
   1.7050000e+03
   1.5760000e+03
   1.9930000e+03
   1.5180000e+03
   1.4980000e+03
   1.5890000e+03
   2.0380000e+03
   2.1200000e+03
   1.7680000e+03
   2.0660000e+03
   1.5730000e+03
   1.6960000e+03
   1.8630000e+03
   1.9020000e+03
   1.6870000e+03
   1.7840000e+03
   2.3850000e+03
   1.8100000e+03
   1.6870000e+03
   1.8950000e+03
   1.7670000e+03
   1.3780000e+03
   2.1880000e+03
   1.2570000e+03
   1.4150000e+03
   1.7210000e+03
   1.8160000e+03
   1.3710000e+03
   1.5660000e+03
   2.1780000e+03
   1.2840000e+03
   1.4880000e+03
   1.7340000e+03
   1.3400000e+03
   1.2660000e+03
   1.4690000e+03
   1.8870000e+03
   1.2190000e+03
   1.5410000e+03
   1.5330000e+03
   1.2840000e+03
   1.3790000e+03
   1.7930000e+03
   1.2610000e+03
   1.6080000e+03
   1.4560000e+03
   1.2430000e+03
   1.1120000e+03
   1.0810000e+03
   1.8680000e+03
   9.6600000e+02
   1.2290000e+03
   1.2270000e+03
   1.3230000e+03
   1.0760000e+03
   1.8520000e+03
   9.1600000e+02
   1.2010000e+03
   8.4700000e+02
   1.7660000e+03
   7.9300000e+02
   7.7700000e+02
   1.1950000e+03
   5.9700000e+02
   6.5000000e+02
   1.1140000e+03
   9.6700000e+02
   6.0800000e+02
   6.0000000e+02
   1.7070000e+03
   9.1000000e+02
   5.7500000e+02
   1.3440000e+03
   7.1200000e+02
   7.8000000e+02
   1.3470000e+03
   7.3600000e+02
   8.8900000e+02
   1.1900000e+03
   6.8200000e+02
   8.4400000e+02
   1.0260000e+03
   9.4600000e+02
   7.5700000e+02
   4.4300000e+02
   4.4800000e+02
   8.6200000e+02
   3.8300000e+02
   1.3190000e+03
   4.3400000e+02
   4.6300000e+02
   6.5200000e+02
   8.6600000e+02
   1.0340000e+03
   6.2800000e+02
   1.7410000e+03
   4.1000000e+02
   6.5700000e+02
   6.2500000e+02
   7.6000000e+02
   7.5000000e+02
   5.3400000e+02
   5.2100000e+02
   6.3200000e+02
   6.0000000e+02
   9.0800000e+02
   4.0900000e+02
   7.1500000e+02
   1.2650000e+03
   6.8900000e+02
   3.3600000e+02
   1.0140000e+03
   9.2600000e+02
   4.9100000e+02
   5.2100000e+02
   8.4700000e+02
   4.6700000e+02
   4.2600000e+02
   1.1420000e+03
   1.3150000e+03
   8.0800000e+02
   7.6200000e+02
   1.4220000e+03
   8.7000000e+02
   5.9400000e+02
   9.9200000e+02
   4.8400000e+02
   6.6400000e+02
   1.3600000e+03
   9.3800000e+02
   6.4000000e+02
   4.1100000e+02
   9.2100000e+02
   3.3900000e+02
   3.6000000e+02
   1.7970000e+03
   6.5700000e+02
   3.3200000e+02
   9.7700000e+02
   3.4400000e+02
   6.2900000e+02
   6.8000000e+02
   3.1100000e+02
   5.6400000e+02
   3.3600000e+02
   3.4600000e+02
   8.3400000e+02
   2.4700000e+02
   4.6700000e+02
   5.6500000e+02
   9.2900000e+02
   6.9300000e+02
   6.1600000e+02
   2.1900000e+02
   1.7500000e+02
   1.1510000e+03
   2.9000000e+02
   4.1500000e+02
   9.2400000e+02
   2.2400000e+02
   3.1300000e+02
   1.0020000e+03
   5.0900000e+02
   3.6500000e+02
   8.7500000e+02
   7.4400000e+02
   2.3200000e+02
   3.1200000e+02
   3.0300000e+02
   6.1400000e+02
   2.3800000e+02
   2.1600000e+02
   4.6700000e+02
   3.0400000e+02
   1.1030000e+03
   3.9600000e+02
   2.5300000e+02
   8.6600000e+02
   6.1100000e+02
   2.6300000e+02
   5.7600000e+02
   1.0190000e+03
   1.3240000e+03
   1.7530000e+03
   1.7200000e+02
   4.3800000e+02
   3.8600000e+02
   5.4000000e+02
   8.6200000e+02
   6.0600000e+02
   5.2600000e+02
   6.2900000e+02
   1.6400000e+02
   5.8700000e+02
   8.3200000e+02
   8.2100000e+02
   5.7900000e+02
   8.6500000e+02
   4.0100000e+02
   6.8300000e+02
   9.3000000e+02
   1.2450000e+03
   2.1700000e+02
   2.2200000e+02
   5.1000000e+02
   5.5600000e+02
   2.4000000e+02
   1.8300000e+02
   1.7270000e+03
   6.9200000e+02
   7.1100000e+02
   4.5200000e+02
   3.6300000e+02
   3.5300000e+02
   8.9100000e+02
   3.3800000e+02
   1.1200000e+02
   5.3600000e+02
   3.8200000e+02
   7.4400000e+02
   1.0800000e+03
   1.8250000e+03
   2.3400000e+02
   5.9300000e+02
   9.4900000e+02
   7.5000000e+02
   6.6500000e+02
   5.8100000e+02
   1.4610000e+03
   2.8200000e+02
   2.7300000e+02
   4.2000000e+02
   1.5300000e+02
   6.5300000e+02
   1.1280000e+03
   1.2800000e+02
   3.3300000e+02
   2.7400000e+02
   9.0400000e+02
   5.5400000e+02
   1.0410000e+03
   7.4300000e+02
   7.0700000e+02
   7.6000000e+02
   4.4600000e+02
   1.9200000e+02
   6.8000000e+02
   1.1440000e+03
   3.2300000e+02
   3.4400000e+02
   8.7500000e+02
   2.1400000e+02
   7.6200000e+02
   3.9400000e+02
   1.0590000e+03
   3.3400000e+02
   7.8200000e+02
   1.6210000e+03
   1.0690000e+03
   1.0490000e+03
   8.0200000e+02
   1.0640000e+03
   7.9600000e+02
   4.5100000e+02
   4.0600000e+02
   1.8500000e+02
   1.1030000e+03
   1.8630000e+03
   6.6300000e+02
   2.2000000e+02
   7.9700000e+02
   3.1100000e+02
   4.9300000e+02
   9.6200000e+02
   1.0190000e+03
   1.3050000e+03
   7.5000000e+02
   1.4910000e+03
   2.7200000e+02
   8.8900000e+02
   2.1900000e+02
   1.1840000e+03
   5.1200000e+02
   8.3400000e+02
   6.5100000e+02
   9.4500000e+02
   8.9700000e+02
   1.3900000e+03
   6.5700000e+02
   1.1040000e+03
   5.4800000e+02
   2.8900000e+02
   4.3400000e+02
   6.7300000e+02
   2.2920000e+03
   1.6670000e+03
   5.9200000e+02
   5.5700000e+02
   7.0800000e+02
   3.5700000e+02
   1.1990000e+03
   3.8700000e+02
   1.2220000e+03
   7.2900000e+02
   1.0630000e+03
   9.5600000e+02
   2.3100000e+02
   1.5140000e+03
   6.7400000e+02
   8.7400000e+02
   6.3100000e+02
   8.0100000e+02
   1.2960000e+03
   6.7900000e+02
   9.8400000e+02
   5.1600000e+02
   1.1740000e+03
   1.3000000e+02
   8.5500000e+02
   8.4600000e+02
   1.3690000e+03
   7.4700000e+02
   7.0500000e+02
   1.0480000e+03
   9.2700000e+02
   1.2390000e+03
   8.6600000e+02
   2.8650000e+03
   7.6300000e+02
   4.4400000e+02
   1.5540000e+03
   4.1200000e+02
   1.1150000e+03
   7.3900000e+02
   1.9410000e+03
   7.9100000e+02
   9.2300000e+02
   8.5200000e+02
   5.7100000e+02
   9.0500000e+02
   6.9500000e+02
   1.1220000e+03
   1.3490000e+03
   1.1840000e+03
   4.8600000e+02
   1.0700000e+03
   5.8300000e+02
   1.5540000e+03
   2.8190000e+03
   6.4900000e+02
   2.3100000e+02
   7.6400000e+02
   4.3200000e+02
   2.0290000e+03
   4.6300000e+02
   9.6300000e+02
   5.6800000e+02
   1.1400000e+03
   4.9800000e+02
   1.4460000e+03
   2.0990000e+03
   1.2620000e+03
   3.8300000e+02
   6.8400000e+02
   8.3300000e+02
   3.4400000e+02
   4.2500000e+02
   1.6040000e+03
   1.1010000e+03
   6.0000000e+02
   7.2300000e+02
   6.4000000e+02
   5.9500000e+02
   2.4570000e+03
   1.2990000e+03
   9.5200000e+02
   1.7540000e+03
   8.5700000e+02
   1.1700000e+03
   9.7200000e+02
   3.0680000e+03
   9.2200000e+02
   1.3240000e+03
   1.3520000e+03
   1.2240000e+03
   2.0710000e+03
   1.7340000e+03
