   2.0980000e+03
   1.4910000e+03
   2.1680000e+03
   1.7050000e+03
   1.4170000e+03
   1.3160000e+03
   1.9810000e+03
   2.0340000e+03
   1.6380000e+03
   1.8000000e+03
   1.4360000e+03
   1.4400000e+03
   1.5710000e+03
   1.9910000e+03
   1.2840000e+03
   1.8130000e+03
   1.8530000e+03
   1.8960000e+03
   2.7600000e+03
   2.0170000e+03
   1.3520000e+03
   1.6480000e+03
   1.5150000e+03
   1.9960000e+03
   2.1440000e+03
   1.5450000e+03
   1.8540000e+03
   1.5150000e+03
   2.3190000e+03
   2.0000000e+03
   1.9230000e+03
   1.7060000e+03
   1.8860000e+03
   1.9940000e+03
   2.8550000e+03
   2.0390000e+03
   1.9170000e+03
   1.5920000e+03
   1.5900000e+03
   2.3440000e+03
   1.6700000e+03
   2.8490000e+03
   1.7310000e+03
   2.3250000e+03
   1.6070000e+03
   1.8360000e+03
   2.9840000e+03
   1.6890000e+03
   1.8440000e+03
   2.6000000e+03
   1.6600000e+03
   2.1430000e+03
   2.9730000e+03
   2.1740000e+03
   1.7700000e+03
   2.3640000e+03
   2.1810000e+03
   1.7550000e+03
   1.6850000e+03
   2.3980000e+03
   1.5500000e+03
   1.8050000e+03
   2.5200000e+03
   1.7140000e+03
   2.0990000e+03
   1.6490000e+03
   2.4170000e+03
   1.6230000e+03
   1.7120000e+03
   2.2850000e+03
   1.9820000e+03
   2.1540000e+03
   2.5150000e+03
   1.9810000e+03
   1.6070000e+03
   1.7580000e+03
   2.2290000e+03
   2.2970000e+03
   1.8870000e+03
   2.6560000e+03
   1.7520000e+03
   2.4910000e+03
   2.2900000e+03
   2.6640000e+03
   1.8260000e+03
   1.6660000e+03
   2.5610000e+03
   2.0840000e+03
   2.0360000e+03
   2.7620000e+03
   2.2320000e+03
   2.1520000e+03
   2.4430000e+03
   1.7700000e+03
   2.0090000e+03
   2.4560000e+03
   2.8150000e+03
   2.2510000e+03
   1.7700000e+03
   2.4280000e+03
   2.2020000e+03
   1.9630000e+03
   2.7550000e+03
   2.1280000e+03
   1.9070000e+03
   2.3660000e+03
   1.7740000e+03
   1.8710000e+03
   1.9240000e+03
   3.2550000e+03
   2.5570000e+03
   2.3000000e+03
   2.3800000e+03
   1.7980000e+03
   2.5500000e+03
   2.3150000e+03
   1.9200000e+03
   2.1400000e+03
   1.8030000e+03
   2.9020000e+03
   2.1530000e+03
   2.2880000e+03
   2.5660000e+03
   2.2600000e+03
   2.0270000e+03
   3.0390000e+03
   1.7990000e+03
   2.1300000e+03
   2.2280000e+03
   2.6810000e+03
   2.7650000e+03
   2.4710000e+03
   2.9700000e+03
   1.8920000e+03
   1.9330000e+03
   2.7560000e+03
   1.9910000e+03
   2.3120000e+03
   1.7880000e+03
   2.4130000e+03
   2.5490000e+03
   2.3450000e+03
   2.4830000e+03
   2.3070000e+03
   2.0960000e+03
   2.9340000e+03
   1.7950000e+03
   2.3770000e+03
   2.1980000e+03
   2.9870000e+03
   2.0710000e+03
   2.3330000e+03
   3.2560000e+03
   2.6440000e+03
   2.2950000e+03
   2.8120000e+03
   2.2830000e+03
   2.0400000e+03
   2.7550000e+03
   2.3300000e+03
   1.8830000e+03
   1.9620000e+03
   2.5610000e+03
   2.2130000e+03
   1.9770000e+03
   3.3030000e+03
   1.9970000e+03
   2.0810000e+03
   2.5770000e+03
   2.4210000e+03
   1.8940000e+03
   2.4570000e+03
   2.7590000e+03
   2.1450000e+03
   2.1110000e+03
   2.8420000e+03
   2.1060000e+03
   2.1610000e+03
   2.9500000e+03
   2.1030000e+03
   2.0400000e+03
   2.0420000e+03
   2.6100000e+03
   2.2170000e+03
   2.6550000e+03
   2.6750000e+03
   2.1180000e+03
   2.6430000e+03
   2.6530000e+03
   1.9720000e+03
   2.3150000e+03
   1.8000000e+03
   3.2650000e+03
   2.0120000e+03
   2.0770000e+03
   2.5260000e+03
   2.0520000e+03
   1.8560000e+03
   3.1850000e+03
   1.9510000e+03
   2.0910000e+03
   2.6450000e+03
   1.9280000e+03
   2.6240000e+03
   1.9310000e+03
   2.4270000e+03
   2.1980000e+03
   2.3760000e+03
   2.5550000e+03
   2.1610000e+03
   2.5910000e+03
   3.0710000e+03
   2.1520000e+03
   2.7220000e+03
   2.2060000e+03
   2.7680000e+03
   2.2250000e+03
   1.9930000e+03
   3.1850000e+03
   2.1330000e+03
   2.3940000e+03
   2.9010000e+03
   2.3190000e+03
   2.3730000e+03
   2.5270000e+03
   3.0640000e+03
   2.5450000e+03
   2.3790000e+03
   3.0790000e+03
   2.7080000e+03
   2.5800000e+03
   3.3090000e+03
   2.4500000e+03
   3.0240000e+03
   2.3830000e+03
   3.1700000e+03
   2.6970000e+03
   2.6260000e+03
   3.3350000e+03
   2.4350000e+03
   3.2540000e+03
   3.6980000e+03
   2.8050000e+03
   2.5370000e+03
   2.5180000e+03
   3.8620000e+03
   2.4950000e+03
   3.4650000e+03
   3.7620000e+03
   3.1650000e+03
   3.2480000e+03
   3.9330000e+03
   2.8540000e+03
   3.3840000e+03
   3.9160000e+03
   3.0540000e+03
   3.1640000e+03
   3.2460000e+03
   4.3550000e+03
   3.1940000e+03
   3.4610000e+03
   4.6510000e+03
   3.2060000e+03
   4.1300000e+03
   4.3720000e+03
   3.4090000e+03
   3.0300000e+03
   3.5690000e+03
   4.3770000e+03
   3.2270000e+03
   3.6170000e+03
   4.6810000e+03
   3.5370000e+03
   3.9740000e+03
   4.7460000e+03
   3.6320000e+03
   3.5120000e+03
   3.4580000e+03
   4.7260000e+03
   3.8150000e+03
   4.0970000e+03
   4.0500000e+03
   3.9740000e+03
   3.3130000e+03
   4.3730000e+03
   3.4920000e+03
   3.9890000e+03
   3.2350000e+03
   4.1730000e+03
   3.2120000e+03
   3.2010000e+03
   4.4010000e+03
   3.7560000e+03
   3.7490000e+03
   4.7020000e+03
   4.3010000e+03
   3.2060000e+03
   3.4100000e+03
   4.6580000e+03
   3.2050000e+03
   4.2150000e+03
   4.3590000e+03
   3.4880000e+03
   3.7080000e+03
   4.7760000e+03
   4.0270000e+03
   3.8800000e+03
   4.8160000e+03
   3.6760000e+03
   3.8100000e+03
   3.8720000e+03
   4.6440000e+03
   4.2030000e+03
   3.7400000e+03
   4.6330000e+03
   4.0080000e+03
   4.1540000e+03
   4.3680000e+03
   3.2900000e+03
   3.2740000e+03
   3.9070000e+03
   4.3500000e+03
   4.1860000e+03
   3.3300000e+03
   4.9600000e+03
   3.2530000e+03
   4.0860000e+03
   4.3170000e+03
   4.1550000e+03
   3.4440000e+03
   3.2860000e+03
   5.1540000e+03
   3.8190000e+03
   4.5140000e+03
   4.5280000e+03
   3.8470000e+03
   3.9920000e+03
   5.0620000e+03
   3.8420000e+03
   4.1310000e+03
   3.6380000e+03
   5.4910000e+03
   3.5100000e+03
   3.9010000e+03
   5.7190000e+03
   4.4880000e+03
   3.7980000e+03
   4.8510000e+03
   3.9200000e+03
   3.5410000e+03
   5.1300000e+03
   3.3690000e+03
   4.0040000e+03
   5.3860000e+03
   4.4800000e+03
   4.0110000e+03
   4.4870000e+03
   4.5230000e+03
   4.0280000e+03
   3.8580000e+03
   4.6790000e+03
   3.1740000e+03
   3.8010000e+03
   3.7680000e+03
   4.7390000e+03
   4.0690000e+03
   4.3530000e+03
   4.9530000e+03
   3.8900000e+03
   3.5390000e+03
   4.8220000e+03
   4.4420000e+03
   3.8170000e+03
   4.1780000e+03
   4.7860000e+03
   3.6690000e+03
   4.3450000e+03
   4.7450000e+03
   3.5440000e+03
   4.0830000e+03
   5.4870000e+03
   3.9090000e+03
   3.8330000e+03
   3.5000000e+03
   4.8740000e+03
   3.2570000e+03
   3.6360000e+03
   4.5240000e+03
   4.1780000e+03
   4.6060000e+03
   4.6780000e+03
   3.7460000e+03
   4.3410000e+03
   3.7360000e+03
   5.1620000e+03
   4.2010000e+03
   4.1420000e+03
   5.3720000e+03
   3.4980000e+03
   3.8090000e+03
   5.2700000e+03
   3.8660000e+03
   3.7170000e+03
   5.4120000e+03
   3.3850000e+03
   4.0140000e+03
   4.8400000e+03
   4.6540000e+03
   3.6500000e+03
   3.6770000e+03
   5.4380000e+03
   4.2060000e+03
   3.8000000e+03
   4.8770000e+03
   3.9090000e+03
   4.3510000e+03
   3.7500000e+03
   5.6170000e+03
   4.8280000e+03
   4.5790000e+03
   4.9560000e+03
   4.5630000e+03
   3.9300000e+03
   6.6700000e+03
   5.3130000e+03
   3.9220000e+03
   5.1940000e+03
   4.9280000e+03
   4.4350000e+03
   3.8650000e+03
   5.4180000e+03
   3.4680000e+03
   4.1670000e+03
   5.2110000e+03
   4.9390000e+03
   4.2500000e+03
   3.4250000e+03
   4.8110000e+03
   3.6690000e+03
   4.2220000e+03
   5.0490000e+03
   4.1030000e+03
   3.8780000e+03
   6.1520000e+03
   3.5060000e+03
   4.6770000e+03
   3.4980000e+03
   5.2320000e+03
   3.9180000e+03
   4.1000000e+03
   6.0180000e+03
   4.0350000e+03
   4.5020000e+03
   5.4290000e+03
   4.6330000e+03
   3.8840000e+03
   4.5750000e+03
   3.6190000e+03
   4.4990000e+03
   3.4000000e+03
   5.4250000e+03
   4.7250000e+03
   4.0000000e+03
   4.8600000e+03
   3.9640000e+03
   4.9210000e+03
   5.9500000e+03
   3.9280000e+03
   3.9250000e+03
   4.6540000e+03
   5.4930000e+03
   4.1900000e+03
   3.8130000e+03
   5.1540000e+03
   4.9810000e+03
   3.7120000e+03
   5.2420000e+03
   4.2850000e+03
   5.1830000e+03
   4.8850000e+03
   4.7390000e+03
   4.2790000e+03
   4.3730000e+03
   6.6760000e+03
   4.2660000e+03
   4.7250000e+03
   5.4560000e+03
   5.3570000e+03
   4.1950000e+03
   4.3400000e+03
   6.8860000e+03
   3.6860000e+03
   5.2310000e+03
   5.9090000e+03
   4.0080000e+03
   4.2950000e+03
   6.0270000e+03
   4.5340000e+03
   4.0290000e+03
   5.7030000e+03
   2.7580000e+03
   3.6560000e+03
   3.4610000e+03
   5.2430000e+03
   3.3030000e+03
   3.7730000e+03
   4.3150000e+03
   3.5380000e+03
   3.2300000e+03
   5.1530000e+03
   3.2690000e+03
   3.2520000e+03
   3.6520000e+03
   4.3340000e+03
   3.5960000e+03
   3.1730000e+03
   4.0070000e+03
   3.4220000e+03
   3.6270000e+03
   4.8530000e+03
   3.2510000e+03
   3.8290000e+03
   3.1830000e+03
   4.2940000e+03
   3.2010000e+03
   3.4170000e+03
   4.2050000e+03
   3.3220000e+03
   3.1820000e+03
   4.4970000e+03
   3.1060000e+03
   3.2620000e+03
   3.4350000e+03
   4.1840000e+03
   3.4220000e+03
   3.2870000e+03
   4.4190000e+03
   3.1750000e+03
   3.2700000e+03
   4.2100000e+03
   3.3330000e+03
   3.5920000e+03
   2.9980000e+03
   4.0350000e+03
   3.6930000e+03
   3.7760000e+03
   4.2420000e+03
   4.4610000e+03
   3.1610000e+03
   4.6050000e+03
   3.2090000e+03
   3.2550000e+03
   4.7180000e+03
   4.1130000e+03
   3.3780000e+03
   3.2430000e+03
   4.1170000e+03
   3.1430000e+03
   3.4090000e+03
   4.1600000e+03
   3.3900000e+03
   3.5090000e+03
   3.9210000e+03
   3.2040000e+03
   4.1010000e+03
   3.4610000e+03
   4.1450000e+03
   3.3360000e+03
   3.0330000e+03
   3.9590000e+03
   3.8130000e+03
   3.2700000e+03
   4.1120000e+03
   3.5450000e+03
   3.0800000e+03
   3.0780000e+03
   4.4320000e+03
   3.7530000e+03
   3.1960000e+03
   4.2280000e+03
   3.5670000e+03
   2.9990000e+03
   4.6120000e+03
   3.3550000e+03
   3.2600000e+03
   3.5980000e+03
   4.0940000e+03
   3.2560000e+03
   3.3100000e+03
   4.3470000e+03
   3.4470000e+03
   3.3050000e+03
   4.2790000e+03
   3.6330000e+03
   2.9090000e+03
   2.9890000e+03
   4.4340000e+03
   3.6180000e+03
   3.1480000e+03
   4.1500000e+03
   3.5720000e+03
   3.8560000e+03
   3.8120000e+03
   2.7680000e+03
   3.0560000e+03
   4.9380000e+03
   2.8780000e+03
   3.5710000e+03
   3.2050000e+03
   4.3470000e+03
   2.9670000e+03
   3.2910000e+03
   4.0670000e+03
   3.2370000e+03
   2.9880000e+03
   3.5930000e+03
   2.8320000e+03
   2.7190000e+03
   2.9830000e+03
   3.8560000e+03
   3.6890000e+03
   3.2840000e+03
   3.8290000e+03
   2.8870000e+03
   3.1880000e+03
   3.4860000e+03
   3.4620000e+03
   3.3990000e+03
   3.3130000e+03
   4.3390000e+03
   3.4530000e+03
   3.2450000e+03
   3.8600000e+03
   3.4720000e+03
   2.7830000e+03
   4.3000000e+03
   2.6470000e+03
   2.9420000e+03
   2.9150000e+03
   3.8550000e+03
   2.7910000e+03
   3.3040000e+03
   4.1320000e+03
   2.8240000e+03
   3.0570000e+03
   3.7590000e+03
   2.9140000e+03
   2.8850000e+03
   3.2120000e+03
   3.9520000e+03
   2.6140000e+03
   3.4970000e+03
   3.6000000e+03
   2.7030000e+03
   2.9260000e+03
   3.9270000e+03
   2.7330000e+03
   3.5150000e+03
   3.4870000e+03
   2.6960000e+03
   2.6890000e+03
   2.5450000e+03
   4.0400000e+03
   2.5180000e+03
   2.9650000e+03
   3.1830000e+03
   3.1040000e+03
   2.5740000e+03
   3.9900000e+03
   2.3650000e+03
   3.0010000e+03
   2.4520000e+03
   4.3740000e+03
   2.4250000e+03
   2.4720000e+03
   3.3620000e+03
   2.1160000e+03
   2.3960000e+03
   3.3750000e+03
   2.8830000e+03
   2.1480000e+03
   2.0650000e+03
   4.2790000e+03
   2.5140000e+03
   2.1800000e+03
   3.7620000e+03
   2.3940000e+03
   2.4240000e+03
   3.4940000e+03
   2.2400000e+03
   2.7180000e+03
   2.9070000e+03
   2.5450000e+03
   2.5220000e+03
   2.7140000e+03
   2.8340000e+03
   2.1390000e+03
   1.7330000e+03
   2.0210000e+03
   2.4240000e+03
   1.5660000e+03
   3.2210000e+03
   1.5110000e+03
   1.5880000e+03
   1.9750000e+03
   2.6270000e+03
   2.5760000e+03
   1.7660000e+03
   3.7530000e+03
   1.5020000e+03
   2.1000000e+03
   2.1010000e+03
   2.1130000e+03
   2.1340000e+03
   1.6270000e+03
   2.4690000e+03
   1.9150000e+03
   1.8330000e+03
   2.5340000e+03
   1.4730000e+03
   2.0080000e+03
   3.1170000e+03
   1.9050000e+03
   1.3340000e+03
   2.4690000e+03
   2.4740000e+03
   1.6350000e+03
   1.6880000e+03
   2.2800000e+03
   1.4710000e+03
   1.5330000e+03
   2.8960000e+03
   2.1660000e+03
   2.1650000e+03
   2.0230000e+03
   3.2330000e+03
   1.6740000e+03
   1.7330000e+03
   2.5410000e+03
   1.5710000e+03
   1.8730000e+03
   2.9670000e+03
   2.3010000e+03
   1.8510000e+03
   1.3070000e+03
   2.3740000e+03
   1.3990000e+03
   1.2720000e+03
   3.8330000e+03
   1.8210000e+03
   1.2110000e+03
   2.4930000e+03
   1.1860000e+03
   1.9000000e+03
   1.9420000e+03
   1.1730000e+03
   1.6390000e+03
   1.2680000e+03
   1.5300000e+03
   2.0360000e+03
   1.1040000e+03
   1.6820000e+03
   1.6260000e+03
   2.2430000e+03
   2.0630000e+03
   1.6320000e+03
   1.6710000e+03
   9.5700000e+02
   2.6710000e+03
   1.1210000e+03
   1.2950000e+03
   2.2200000e+03
   9.7300000e+02
   1.1230000e+03
   2.2870000e+03
   1.3910000e+03
   1.1840000e+03
   2.1110000e+03
   1.7990000e+03
   9.6100000e+02
   1.1050000e+03
   1.2250000e+03
   1.5740000e+03
   9.9300000e+02
   1.1560000e+03
   1.4060000e+03
   1.0710000e+03
   1.7100000e+03
   1.3400000e+03
   9.3900000e+02
   1.9960000e+03
   1.7880000e+03
   1.0380000e+03
   1.4650000e+03
   2.2970000e+03
   2.7510000e+03
   2.7470000e+03
   8.3000000e+02
   1.4840000e+03
   1.2310000e+03
   1.3440000e+03
   1.4910000e+03
   1.6720000e+03
   1.5030000e+03
   1.8800000e+03
   8.2100000e+02
   1.4990000e+03
   1.4010000e+03
   1.9510000e+03
   1.5310000e+03
   2.0110000e+03
   1.3420000e+03
   1.6270000e+03
   1.9470000e+03
   2.7020000e+03
   8.9500000e+02
   9.2600000e+02
   1.4580000e+03
   1.4160000e+03
   9.5400000e+02
   7.6600000e+02
   3.4650000e+03
   1.7350000e+03
   1.8050000e+03
   1.3610000e+03
   1.0730000e+03
   1.0130000e+03
   2.1550000e+03
   1.0350000e+03
   6.1600000e+02
   1.2920000e+03
   1.1920000e+03
   1.6760000e+03
   2.2280000e+03
   3.0400000e+03
   8.5400000e+02
   1.5180000e+03
   2.2090000e+03
   1.7260000e+03
   1.5200000e+03
   1.2570000e+03
   3.4960000e+03
   8.9000000e+02
   8.6200000e+02
   1.3040000e+03
   1.3120000e+03
   1.5550000e+03
   2.3460000e+03
   6.1000000e+02
   1.0470000e+03
   1.0630000e+03
   1.8990000e+03
   1.3720000e+03
   2.1940000e+03
   1.6930000e+03
   1.6260000e+03
   1.7690000e+03
   1.2400000e+03
   7.1100000e+02
   1.5420000e+03
   2.4230000e+03
   9.2900000e+02
   9.2300000e+02
   1.8510000e+03
   7.2900000e+02
   1.5600000e+03
   9.4300000e+02
   2.2490000e+03
   9.3300000e+02
   1.5670000e+03
   3.0700000e+03
   2.2110000e+03
   2.1400000e+03
   1.0650000e+03
   2.2410000e+03
   1.5530000e+03
   1.5810000e+03
   1.1040000e+03
   5.8500000e+02
   2.2600000e+03
   3.2470000e+03
   1.4190000e+03
   6.2200000e+02
   1.6530000e+03
   8.6600000e+02
   1.1590000e+03
   1.3000000e+03
   1.9640000e+03
   1.3770000e+03
   1.5100000e+03
   2.8940000e+03
   7.2700000e+02
   1.6880000e+03
   6.7900000e+02
   2.2110000e+03
   1.1670000e+03
   1.6560000e+03
   1.3910000e+03
   1.7510000e+03
   1.6490000e+03
   2.4050000e+03
   1.3690000e+03
   2.0340000e+03
   1.1410000e+03
   6.5800000e+02
   9.4600000e+02
   1.4110000e+03
   3.5650000e+03
   3.0710000e+03
   1.2290000e+03
   1.1430000e+03
   1.3070000e+03
   8.1100000e+02
   2.1230000e+03
   8.3500000e+02
   2.1250000e+03
   1.3330000e+03
   1.9480000e+03
   1.6860000e+03
   5.2100000e+02
   2.7420000e+03
   1.9180000e+03
   9.8400000e+02
   1.1980000e+03
   1.4500000e+03
   2.2040000e+03
   1.3510000e+03
   1.6480000e+03
   9.3100000e+02
   2.1390000e+03
   2.9200000e+02
   1.4940000e+03
   1.4520000e+03
   2.2810000e+03
   1.9380000e+03
   6.6000000e+02
   1.8860000e+03
   1.6060000e+03
   2.0560000e+03
   1.4490000e+03
   4.9750000e+03
   1.1960000e+03
   7.8200000e+02
   3.1440000e+03
   7.0200000e+02
   1.7560000e+03
   1.2640000e+03
   3.1900000e+03
   1.3350000e+03
   1.5310000e+03
   1.4520000e+03
   9.9000000e+02
   1.5140000e+03
   1.7890000e+03
   1.9620000e+03
   2.2690000e+03
   2.0700000e+03
   8.3100000e+02
   1.8740000e+03
   9.5200000e+02
   2.4800000e+03
   4.2220000e+03
   1.1720000e+03
   1.0300000e+03
   1.3370000e+03
   8.3900000e+02
   3.8260000e+03
   8.3800000e+02
   1.7840000e+03
   9.6400000e+02
   1.9870000e+03
   9.0500000e+02
   1.9150000e+03
   3.5440000e+03
   1.5490000e+03
   8.0500000e+02
   1.2450000e+03
   1.3560000e+03
   6.0000000e+02
   6.7300000e+02
   2.7030000e+03
   1.8120000e+03
   1.0440000e+03
   1.2110000e+03
   1.1050000e+03
   1.5770000e+03
   4.1010000e+03
   2.2480000e+03
   1.5950000e+03
   2.3080000e+03
   1.4200000e+03
   1.9330000e+03
   1.5240000e+03
   5.1730000e+03
   1.5000000e+03
   2.1680000e+03
   2.4240000e+03
   2.0490000e+03
   3.1380000e+03
   2.8380000e+03
