   4.4300000e+02
   2.4000000e+02
   1.0420000e+03
   1.6400000e+02
   1.7800000e+02
   1.5600000e+02
   5.9300000e+02
   1.1570000e+03
   4.8700000e+02
   3.1700000e+02
   3.2200000e+02
   1.5200000e+02
   4.9900000e+02
   1.4290000e+03
   1.9200000e+02
   7.1100000e+02
   2.7800000e+02
   7.4500000e+02
   1.9530000e+03
   6.2100000e+02
   3.0600000e+02
   5.7100000e+02
   3.7500000e+02
   4.1900000e+02
   1.1920000e+03
   4.4000000e+02
   4.7000000e+02
   5.0400000e+02
   1.3100000e+03
   6.5800000e+02
   7.4400000e+02
   6.6000000e+02
   1.0650000e+03
   6.9500000e+02
   2.1720000e+03
   8.9600000e+02
   5.8700000e+02
   5.0000000e+02
   4.4300000e+02
   1.2150000e+03
   6.7400000e+02
   1.9810000e+03
   6.1800000e+02
   1.0260000e+03
   4.9900000e+02
   8.8400000e+02
   1.9670000e+03
   6.1000000e+02
   7.2500000e+02
   1.2200000e+03
   6.1100000e+02
   1.2070000e+03
   1.9510000e+03
   1.3720000e+03
   7.2900000e+02
   1.3660000e+03
   7.6300000e+02
   5.3500000e+02
   5.6100000e+02
   1.1700000e+03
   5.4800000e+02
   7.3700000e+02
   9.9300000e+02
   7.0100000e+02
   1.0140000e+03
   6.2800000e+02
   1.1120000e+03
   6.2400000e+02
   5.3900000e+02
   9.3500000e+02
   8.6300000e+02
   1.1960000e+03
   1.2110000e+03
   1.0500000e+03
   6.2400000e+02
   6.3700000e+02
   8.0800000e+02
   1.2820000e+03
   8.7100000e+02
   1.4080000e+03
   6.4200000e+02
   1.6350000e+03
   8.5200000e+02
   1.6420000e+03
   6.7100000e+02
   6.0400000e+02
   1.2910000e+03
   1.1600000e+03
   8.9300000e+02
   1.4290000e+03
   1.1990000e+03
   1.1840000e+03
   1.1290000e+03
   7.1000000e+02
   7.7300000e+02
   1.4990000e+03
   1.4920000e+03
   1.2290000e+03
   6.7500000e+02
   1.3200000e+03
   1.2480000e+03
   7.5900000e+02
   1.2530000e+03
   8.9400000e+02
   9.1600000e+02
   1.1250000e+03
   8.0000000e+02
   7.8900000e+02
   8.6500000e+02
   2.1840000e+03
   1.7520000e+03
   1.4590000e+03
   1.1900000e+03
   8.0000000e+02
   1.6280000e+03
   1.1080000e+03
   9.1000000e+02
   1.2210000e+03
   8.3800000e+02
   1.7810000e+03
   1.2330000e+03
   1.3170000e+03
   1.1880000e+03
   1.2100000e+03
   1.1190000e+03
   2.0360000e+03
   8.8400000e+02
   1.1590000e+03
   1.3660000e+03
   1.4920000e+03
   1.9970000e+03
   1.6810000e+03
   1.9510000e+03
   9.5900000e+02
   9.3200000e+02
   1.5860000e+03
   8.8100000e+02
   1.5390000e+03
   9.1900000e+02
   1.3450000e+03
   1.7390000e+03
   1.5120000e+03
   1.2770000e+03
   1.5130000e+03
   1.2120000e+03
   2.0510000e+03
   9.6700000e+02
   1.4150000e+03
   1.3570000e+03
   1.8900000e+03
   1.0410000e+03
   1.6410000e+03
   2.3100000e+03
   1.9380000e+03
   1.4050000e+03
   1.6790000e+03
   1.3240000e+03
   1.2740000e+03
   1.8910000e+03
   1.5440000e+03
   1.0080000e+03
   1.1000000e+03
   1.5140000e+03
   1.2840000e+03
   1.0720000e+03
   2.4730000e+03
   1.1770000e+03
   1.3040000e+03
   1.5280000e+03
   1.6440000e+03
   1.0770000e+03
   1.7330000e+03
   1.9130000e+03
   1.4610000e+03
   1.2100000e+03
   1.8280000e+03
   1.2310000e+03
   1.4140000e+03
   2.2260000e+03
   1.3140000e+03
   1.3290000e+03
   1.3110000e+03
   1.6350000e+03
   1.3940000e+03
   2.2350000e+03
   2.0250000e+03
   1.5320000e+03
   2.1890000e+03
   1.8100000e+03
   1.3500000e+03
   1.7580000e+03
   1.2550000e+03
   2.7020000e+03
   1.5210000e+03
   1.4930000e+03
   1.7360000e+03
   1.6050000e+03
   1.3950000e+03
   2.6960000e+03
   1.5620000e+03
   1.5080000e+03
   2.0740000e+03
   1.4430000e+03
   2.1800000e+03
   1.4740000e+03
   1.9340000e+03
   1.6810000e+03
   1.9290000e+03
   1.9300000e+03
   1.7320000e+03
   2.3480000e+03
   2.9290000e+03
   1.9210000e+03
   2.6450000e+03
   1.9600000e+03
   2.5080000e+03
   2.0340000e+03
   1.8930000e+03
   3.3370000e+03
   2.1400000e+03
   2.5150000e+03
   3.1100000e+03
   2.6020000e+03
   2.4660000e+03
   2.7910000e+03
   3.6920000e+03
   3.0310000e+03
   2.7460000e+03
   3.5440000e+03
   3.0650000e+03
   3.1500000e+03
   4.0100000e+03
   2.9870000e+03
   3.7260000e+03
   2.7270000e+03
   3.9000000e+03
   3.2250000e+03
   3.2480000e+03
   4.0490000e+03
   2.8860000e+03
   4.1150000e+03
   4.6400000e+03
   3.4110000e+03
   3.1550000e+03
   3.1400000e+03
   4.7940000e+03
   3.2430000e+03
   4.3480000e+03
   4.5120000e+03
   4.0250000e+03
   4.0890000e+03
   4.9140000e+03
   3.7480000e+03
   4.3710000e+03
   4.9080000e+03
   3.8290000e+03
   4.0160000e+03
   3.9690000e+03
   5.4280000e+03
   4.0960000e+03
   4.4400000e+03
   5.9800000e+03
   4.3190000e+03
   5.3030000e+03
   5.4940000e+03
   4.1620000e+03
   3.7510000e+03
   4.3830000e+03
   5.6770000e+03
   4.0520000e+03
   4.7530000e+03
   6.1350000e+03
   4.5630000e+03
   5.0350000e+03
   5.5520000e+03
   4.7630000e+03
   4.4180000e+03
   4.4530000e+03
   6.1410000e+03
   5.1540000e+03
   5.3650000e+03
   5.1690000e+03
   5.1100000e+03
   4.4160000e+03
   5.4970000e+03
   4.6430000e+03
   5.2490000e+03
   4.2480000e+03
   5.2530000e+03
   4.0850000e+03
   4.1110000e+03
   5.9240000e+03
   5.0210000e+03
   4.8830000e+03
   6.1870000e+03
   5.6240000e+03
   4.2560000e+03
   4.3900000e+03
   5.8080000e+03
   4.0290000e+03
   5.3000000e+03
   5.6340000e+03
   4.3290000e+03
   4.6920000e+03
   5.8600000e+03
   5.1800000e+03
   5.0130000e+03
   6.0780000e+03
   4.7420000e+03
   4.8570000e+03
   4.9900000e+03
   6.2880000e+03
   5.4270000e+03
   4.6690000e+03
   6.0760000e+03
   5.2760000e+03
   5.4300000e+03
   5.6770000e+03
   4.1640000e+03
   4.1600000e+03
   5.1570000e+03
   5.7600000e+03
   5.2300000e+03
   4.3470000e+03
   6.4490000e+03
   4.1060000e+03
   5.4230000e+03
   5.5600000e+03
   4.7200000e+03
   4.5210000e+03
   4.1880000e+03
   6.5630000e+03
   4.9950000e+03
   5.1310000e+03
   6.1120000e+03
   5.0900000e+03
   5.2560000e+03
   6.0770000e+03
   4.9370000e+03
   5.4680000e+03
   4.7430000e+03
   7.2010000e+03
   4.4030000e+03
   4.9200000e+03
   7.3060000e+03
   5.5580000e+03
   5.0840000e+03
   6.3440000e+03
   5.0730000e+03
   4.6720000e+03
   6.4890000e+03
   4.4640000e+03
   5.3650000e+03
   6.5230000e+03
   5.7810000e+03
   5.2660000e+03
   6.0200000e+03
   6.1550000e+03
   5.2260000e+03
   4.9470000e+03
   6.0520000e+03
   4.2670000e+03
   4.7420000e+03
   5.0530000e+03
   6.2940000e+03
   5.2050000e+03
   5.8620000e+03
   6.4320000e+03
   5.2910000e+03
   4.7290000e+03
   6.4280000e+03
   5.8510000e+03
   5.0490000e+03
   5.5920000e+03
   6.3310000e+03
   4.9410000e+03
   5.1650000e+03
   6.4870000e+03
   4.7240000e+03
   5.3890000e+03
   6.6700000e+03
   5.3340000e+03
   5.0500000e+03
   4.4760000e+03
   6.4440000e+03
   4.3960000e+03
   4.7060000e+03
   5.9910000e+03
   5.3840000e+03
   5.9290000e+03
   5.5600000e+03
   4.7800000e+03
   5.5100000e+03
   4.8900000e+03
   6.7180000e+03
   5.6480000e+03
   5.1880000e+03
   6.3530000e+03
   4.4130000e+03
   5.0950000e+03
   6.9550000e+03
   5.0550000e+03
   4.8520000e+03
   7.1700000e+03
   4.4830000e+03
   5.4220000e+03
   6.4380000e+03
   6.2510000e+03
   4.8320000e+03
   4.8970000e+03
   7.3360000e+03
   5.4260000e+03
   4.9560000e+03
   6.4990000e+03
   5.1310000e+03
   5.8710000e+03
   4.9340000e+03
   7.4420000e+03
   5.6180000e+03
   6.0270000e+03
   6.2650000e+03
   6.2350000e+03
   5.2050000e+03
   8.7710000e+03
   6.9210000e+03
   4.9760000e+03
   6.7790000e+03
   6.4390000e+03
   5.9060000e+03
   5.2760000e+03
   7.0100000e+03
   4.5140000e+03
   5.4690000e+03
   6.8070000e+03
   5.8410000e+03
   5.7540000e+03
   4.5530000e+03
   6.3280000e+03
   5.0070000e+03
   5.4340000e+03
   6.7000000e+03
   5.6030000e+03
   5.2570000e+03
   8.2690000e+03
   4.8250000e+03
   6.3790000e+03
   4.5720000e+03
   6.8440000e+03
   5.2080000e+03
   5.5270000e+03
   7.9000000e+03
   5.3630000e+03
   6.0590000e+03
   7.2130000e+03
   6.0200000e+03
   5.1310000e+03
   6.0000000e+03
   4.7410000e+03
   6.1740000e+03
   4.5560000e+03
   7.4490000e+03
   6.1460000e+03
   5.0950000e+03
   6.4360000e+03
   5.2060000e+03
   5.7310000e+03
   7.6700000e+03
   5.0370000e+03
   5.1720000e+03
   6.1230000e+03
   7.3580000e+03
   5.3030000e+03
   4.8920000e+03
   6.3620000e+03
   6.2290000e+03
   4.8220000e+03
   6.8590000e+03
   5.6590000e+03
   6.7430000e+03
   6.2710000e+03
   6.0560000e+03
   5.5200000e+03
   5.6420000e+03
   8.3500000e+03
   5.4740000e+03
   6.3440000e+03
   7.2610000e+03
   7.2350000e+03
   5.5550000e+03
   5.6590000e+03
   8.3250000e+03
   5.3700000e+03
   5.1810000e+03
   7.4060000e+03
   5.2200000e+03
   5.6100000e+03
   8.0870000e+03
   5.8210000e+03
   5.2220000e+03
   7.1430000e+03
   3.5790000e+03
   4.5350000e+03
   4.3690000e+03
   6.6790000e+03
   4.8230000e+03
   4.8190000e+03
   5.3180000e+03
   4.4100000e+03
   3.8660000e+03
   6.3780000e+03
   4.1140000e+03
   3.9250000e+03
   4.4710000e+03
   5.4400000e+03
   4.5650000e+03
   3.9870000e+03
   5.0190000e+03
   4.2320000e+03
   4.5920000e+03
   5.8760000e+03
   3.9450000e+03
   4.7930000e+03
   3.9310000e+03
   5.3970000e+03
   4.1590000e+03
   4.3740000e+03
   5.0830000e+03
   4.3310000e+03
   4.0130000e+03
   5.6350000e+03
   3.9200000e+03
   4.1020000e+03
   4.2190000e+03
   5.2900000e+03
   4.4140000e+03
   4.0370000e+03
   5.6460000e+03
   3.8880000e+03
   4.0630000e+03
   5.2000000e+03
   4.1420000e+03
   4.4550000e+03
   3.7360000e+03
   4.8920000e+03
   4.4920000e+03
   4.5960000e+03
   5.2480000e+03
   4.5680000e+03
   3.7480000e+03
   4.8610000e+03
   3.8070000e+03
   3.9450000e+03
   5.6370000e+03
   4.8840000e+03
   3.8870000e+03
   4.6320000e+03
   4.7910000e+03
   3.7610000e+03
   3.9320000e+03
   4.7740000e+03
   4.1240000e+03
   4.0830000e+03
   4.6070000e+03
   3.5730000e+03
   4.7500000e+03
   4.3730000e+03
   4.9320000e+03
   4.0210000e+03
   3.5400000e+03
   4.7670000e+03
   4.4730000e+03
   3.8770000e+03
   4.7660000e+03
   3.9560000e+03
   3.4980000e+03
   4.3350000e+03
   5.4440000e+03
   4.3470000e+03
   3.8960000e+03
   4.9710000e+03
   4.2580000e+03
   3.5440000e+03
   5.4810000e+03
   3.9320000e+03
   3.6830000e+03
   4.1140000e+03
   4.5840000e+03
   3.7100000e+03
   3.8190000e+03
   4.8630000e+03
   3.8720000e+03
   3.6900000e+03
   4.7820000e+03
   4.1870000e+03
   3.4080000e+03
   3.3190000e+03
   4.9550000e+03
   4.0620000e+03
   3.6340000e+03
   4.5700000e+03
   3.9750000e+03
   4.3720000e+03
   4.3390000e+03
   3.1550000e+03
   3.5340000e+03
   5.5310000e+03
   3.2840000e+03
   4.0140000e+03
   3.6130000e+03
   4.9690000e+03
   3.2200000e+03
   3.5420000e+03
   4.5600000e+03
   3.4380000e+03
   3.2010000e+03
   3.8940000e+03
   3.0670000e+03
   2.9590000e+03
   3.2320000e+03
   4.1160000e+03
   4.0770000e+03
   3.4730000e+03
   4.0930000e+03
   3.0540000e+03
   3.3900000e+03
   3.8960000e+03
   4.6370000e+03
   3.5550000e+03
   3.4580000e+03
   4.8070000e+03
   3.7130000e+03
   3.2290000e+03
   3.7840000e+03
   3.5600000e+03
   2.8350000e+03
   4.2790000e+03
   2.6580000e+03
   2.8780000e+03
   3.4260000e+03
   3.7500000e+03
   2.6510000e+03
   3.1120000e+03
   4.4460000e+03
   2.5410000e+03
   2.8730000e+03
   3.4920000e+03
   2.7920000e+03
   2.7940000e+03
   3.1650000e+03
   3.9410000e+03
   2.3820000e+03
   3.0940000e+03
   3.1250000e+03
   2.4800000e+03
   2.6130000e+03
   3.6080000e+03
   2.7070000e+03
   3.4480000e+03
   3.0110000e+03
   2.4060000e+03
   2.2670000e+03
   2.2130000e+03
   3.2320000e+03
   1.9660000e+03
   2.5280000e+03
   2.5330000e+03
   2.6550000e+03
   2.1240000e+03
   3.6420000e+03
   1.8550000e+03
   2.4830000e+03
   1.7630000e+03
   3.4750000e+03
   1.6220000e+03
   1.7690000e+03
   2.5050000e+03
   1.3690000e+03
   1.4610000e+03
   2.3970000e+03
   2.0040000e+03
   1.2000000e+03
   1.3110000e+03
   3.4700000e+03
   1.7160000e+03
   1.1500000e+03
   2.7810000e+03
   1.4760000e+03
   1.5860000e+03
   2.6990000e+03
   1.3530000e+03
   1.9670000e+03
   2.3740000e+03
   1.4380000e+03
   1.7260000e+03
   2.0330000e+03
   1.8380000e+03
   1.5380000e+03
   9.6700000e+02
   1.0480000e+03
   1.7190000e+03
   8.2900000e+02
   2.7430000e+03
   8.9600000e+02
   8.7300000e+02
   1.2970000e+03
   1.8000000e+03
   2.0980000e+03
   1.2270000e+03
   3.4690000e+03
   8.6000000e+02
   1.4590000e+03
   1.2680000e+03
   1.5240000e+03
   1.4980000e+03
   1.1140000e+03
   1.7680000e+03
   1.2400000e+03
   1.2560000e+03
   1.7690000e+03
   8.4300000e+02
   1.4930000e+03
   1.9110000e+03
   1.3770000e+03
   7.2100000e+02
   1.8460000e+03
   1.8570000e+03
   1.0170000e+03
   1.1110000e+03
   1.7500000e+03
   8.0000000e+02
   8.2200000e+02
   2.3720000e+03
   1.7560000e+03
   1.7300000e+03
   1.5740000e+03
   2.9360000e+03
   1.0910000e+03
   1.2600000e+03
   1.9810000e+03
   1.0210000e+03
   1.2810000e+03
   2.5130000e+03
   1.8810000e+03
   1.2890000e+03
   7.6900000e+02
   1.8650000e+03
   6.8500000e+02
   7.4400000e+02
   3.5030000e+03
   1.3790000e+03
   7.1500000e+02
   1.9670000e+03
   6.9300000e+02
   1.3880000e+03
   1.4040000e+03
   6.2100000e+02
   1.2100000e+03
   6.4300000e+02
   7.9800000e+02
   1.6980000e+03
   5.1100000e+02
   9.5100000e+02
   1.2370000e+03
   1.9690000e+03
   1.4360000e+03
   1.3920000e+03
   1.1550000e+03
   4.0500000e+02
   2.4930000e+03
   5.8100000e+02
   8.3400000e+02
   1.9930000e+03
   4.7100000e+02
   6.6300000e+02
   2.0820000e+03
   1.0430000e+03
   7.7500000e+02
   1.9430000e+03
   1.4510000e+03
   4.3100000e+02
   6.2800000e+02
   6.2900000e+02
   1.2650000e+03
   5.1400000e+02
   4.6600000e+02
   1.0140000e+03
   6.1800000e+02
   1.6100000e+03
   7.8600000e+02
   5.6400000e+02
   1.8090000e+03
   1.3410000e+03
   3.5100000e+02
   1.1150000e+03
   2.1750000e+03
   2.8400000e+03
   2.8190000e+03
   3.6800000e+02
   9.1000000e+02
   7.8500000e+02
   1.0650000e+03
   1.1890000e+03
   1.3630000e+03
   1.0700000e+03
   1.3660000e+03
   3.7200000e+02
   1.2180000e+03
   1.0500000e+03
   1.8920000e+03
   1.2480000e+03
   1.8880000e+03
   8.8600000e+02
   1.4780000e+03
   1.8120000e+03
   2.7870000e+03
   5.0600000e+02
   4.4200000e+02
   9.9300000e+02
   1.2030000e+03
   6.4100000e+02
   3.8700000e+02
   3.0160000e+03
   1.5740000e+03
   1.5440000e+03
   8.7600000e+02
   7.7900000e+02
   7.6600000e+02
   1.8890000e+03
   7.2900000e+02
   2.1100000e+02
   1.1850000e+03
   6.9900000e+02
   1.5840000e+03
   2.3940000e+03
   3.3860000e+03
   5.2700000e+02
   1.2540000e+03
   2.0620000e+03
   1.6270000e+03
   1.3350000e+03
   1.0980000e+03
   3.1880000e+03
   5.6000000e+02
   5.6500000e+02
   9.3900000e+02
   3.3600000e+02
   1.4670000e+03
   2.5030000e+03
   2.6600000e+02
   7.8300000e+02
   5.8700000e+02
   1.8990000e+03
   1.1690000e+03
   2.2310000e+03
   1.7230000e+03
   1.4750000e+03
   1.6970000e+03
   9.4700000e+02
   4.5100000e+02
   1.5050000e+03
   2.3600000e+03
   7.5700000e+02
   7.4200000e+02
   2.0110000e+03
   4.9100000e+02
   1.6220000e+03
   7.9200000e+02
   2.4110000e+03
   7.8900000e+02
   1.6650000e+03
   3.4400000e+03
   2.5230000e+03
   2.4530000e+03
   9.3200000e+02
   2.4200000e+03
   9.4700000e+02
   9.7400000e+02
   1.0040000e+03
   4.1600000e+02
   1.7880000e+03
   3.2780000e+03
   1.5860000e+03
   4.4200000e+02
   1.7760000e+03
   6.9200000e+02
   1.1800000e+03
   1.3400000e+03
   2.1540000e+03
   1.4040000e+03
   1.6590000e+03
   1.9540000e+03
   5.4200000e+02
   1.9310000e+03
   5.7500000e+02
   1.9480000e+03
   1.1830000e+03
   1.8770000e+03
   1.4650000e+03
   2.1040000e+03
   1.9530000e+03
   2.9940000e+03
   1.5160000e+03
   2.3610000e+03
   1.1730000e+03
   5.7800000e+02
   9.3400000e+02
   1.6120000e+03
   3.8500000e+03
   3.1200000e+03
   1.3550000e+03
   1.2330000e+03
   1.4880000e+03
   8.3600000e+02
   2.6330000e+03
   8.6400000e+02
   2.0060000e+03
   1.5480000e+03
   2.4860000e+03
   2.0670000e+03
   5.6600000e+02
   3.3070000e+03
   2.3120000e+03
   1.1560000e+03
   1.4350000e+03
   1.8140000e+03
   2.8810000e+03
   8.6600000e+02
   2.0520000e+03
   1.1160000e+03
   2.7190000e+03
   2.8000000e+02
   1.1100000e+03
   1.8400000e+03
   2.9390000e+03
   1.7130000e+03
   1.5080000e+03
   2.4690000e+03
   2.1070000e+03
   1.9960000e+03
   1.7970000e+03
   6.4350000e+03
   1.4660000e+03
   9.4000000e+02
   3.2730000e+03
   8.8400000e+02
   2.2160000e+03
   1.0390000e+03
   4.2020000e+03
   1.6220000e+03
   1.3110000e+03
   1.9890000e+03
   1.3430000e+03
   1.2310000e+03
   1.6930000e+03
   1.7820000e+03
   3.0250000e+03
   1.9500000e+03
   1.0760000e+03
   1.7370000e+03
   1.2030000e+03
   3.1850000e+03
   4.9780000e+03
   1.5890000e+03
   1.3240000e+03
   1.7380000e+03
   3.2300000e+02
   4.3570000e+03
   1.0670000e+03
   1.9190000e+03
   1.3200000e+03
   2.7130000e+03
   1.1550000e+03
   1.8400000e+03
   4.6680000e+03
   2.1560000e+03
   9.7400000e+02
   1.6460000e+03
   1.7870000e+03
   8.0700000e+02
   8.0000000e+02
   2.9110000e+03
   9.6500000e+02
   1.3090000e+03
   1.4610000e+03
   1.4210000e+03
   2.0000000e+03
   4.8750000e+03
   2.9450000e+03
   1.9380000e+03
   3.0710000e+03
   1.8550000e+03
   1.6720000e+03
   2.0680000e+03
   6.9930000e+03
   1.2560000e+03
   2.8760000e+03
   3.0310000e+03
   2.7120000e+03
   2.5760000e+03
   3.6640000e+03
