   9.0600000e+02
   1.2930000e+03
   1.8000000e+01
   6.9100000e+02
   1.2000000e+01
   5.3600000e+02
   8.7000000e+02
   1.5000000e+01
   9.3200000e+02
   1.7000000e+01
   6.2600000e+02
   1.3000000e+01
   8.1600000e+02
   6.9400000e+02
   1.3000000e+01
   8.3000000e+02
   1.7000000e+01
   9.2600000e+02
   1.5000000e+01
   1.4130000e+03
   3.9100000e+02
   2.2000000e+01
   1.1430000e+03
   1.2000000e+01
   1.2820000e+03
   1.3000000e+01
   2.4600000e+02
   4.3900000e+02
   1.7000000e+01
   4.0700000e+02
   1.6000000e+01
   4.0300000e+02
   1.5000000e+01
   4.9300000e+02
   6.7100000e+02
   1.7000000e+01
   1.7780000e+03
   3.6000000e+01
   4.9900000e+02
   8.6700000e+02
   2.5000000e+01
   8.9400000e+02
   3.4000000e+01
   8.3100000e+02
   2.5000000e+01
   4.7000000e+02
   1.5280000e+03
   2.8000000e+01
   1.5600000e+02
   2.5000000e+01
   1.2880000e+03
   2.8000000e+01
   2.4600000e+02
   7.4100000e+02
   3.3000000e+01
   5.4400000e+02
   2.3000000e+01
   8.2700000e+02
   2.7000000e+01
   1.4470000e+03
   1.5360000e+03
   3.2000000e+01
   1.0100000e+03
   2.5000000e+01
   5.3400000e+02
   2.8000000e+01
   8.5700000e+02
   6.0000000e+02
   3.1000000e+01
   4.0500000e+02
   3.8000000e+01
   8.8300000e+02
   3.5000000e+01
   8.1100000e+02
   6.2500000e+02
   3.6000000e+01
   3.9300000e+02
   4.2000000e+01
   5.6300000e+02
   1.6730000e+03
   4.1000000e+01
   1.5000000e+03
   4.2000000e+01
   6.7700000e+02
   3.7000000e+01
   1.0670000e+03
   4.6900000e+02
   3.1000000e+01
   7.1600000e+02
   5.1000000e+01
   1.1060000e+03
   4.1000000e+01
   6.6100000e+02
   5.4600000e+02
   3.2000000e+01
   7.6800000e+02
   4.2000000e+01
   2.2800000e+02
   3.4000000e+01
   9.4400000e+02
   3.7700000e+02
   3.6000000e+01
   7.2400000e+02
   3.3000000e+01
   8.5300000e+02
   2.8000000e+01
   1.0310000e+03
   1.3980000e+03
   4.3000000e+01
   1.0760000e+03
   3.9000000e+01
   1.0210000e+03
   4.5000000e+01
   1.3190000e+03
   4.4000000e+02
   6.3000000e+01
   2.7500000e+02
   4.6000000e+01
   3.3100000e+02
   7.9600000e+02
   5.0000000e+01
   2.7900000e+02
   5.6000000e+01
   6.5300000e+02
   4.2000000e+01
   3.1500000e+02
   7.8700000e+02
   3.6000000e+01
   5.7400000e+02
   5.9000000e+01
   1.2560000e+03
   6.8000000e+01
   5.3400000e+02
   9.4300000e+02
   5.1000000e+01
   1.6460000e+03
   5.7000000e+01
   1.8700000e+02
   4.7000000e+01
   1.4900000e+03
   9.6900000e+02
   7.9000000e+01
   7.6100000e+02
   6.2000000e+01
   4.1700000e+02
   6.4000000e+01
   5.3700000e+02
   1.9200000e+02
   7.1000000e+01
   9.1600000e+02
   6.5000000e+01
   7.1800000e+02
   5.0000000e+01
   1.1390000e+03
   2.6000000e+02
   6.0000000e+01
   5.5400000e+02
   6.8000000e+01
   9.9900000e+02
   1.1590000e+03
   5.7000000e+01
   8.4000000e+02
   8.4000000e+01
   8.9400000e+02
   7.6000000e+01
   2.3400000e+02
   4.0500000e+02
   6.2000000e+01
   1.1520000e+03
   7.5000000e+01
   6.4000000e+02
   7.5000000e+01
   9.1400000e+02
   5.7400000e+02
   6.8000000e+01
   5.4200000e+02
   8.9000000e+01
   1.1630000e+03
   7.7000000e+01
   5.2300000e+02
   5.7200000e+02
   8.4000000e+01
   1.1940000e+03
   1.1200000e+02
   1.0690000e+03
   8.3000000e+01
   1.3330000e+03
   1.8400000e+02
   1.0100000e+02
   5.7000000e+02
   1.0000000e+02
   7.5500000e+02
   9.3000000e+01
   8.3900000e+02
   1.0830000e+03
   1.1700000e+02
   4.0400000e+02
   1.2500000e+02
   5.3000000e+02
   9.3000000e+02
   8.0000000e+01
   1.2150000e+03
   1.2400000e+02
   5.4900000e+02
   1.4000000e+02
   7.6400000e+02
   1.3520000e+03
   1.2000000e+02
   7.2600000e+02
   1.3700000e+02
   4.8100000e+02
   1.3100000e+02
   6.3000000e+02
   6.6000000e+02
   1.4000000e+02
   1.6260000e+03
   1.5200000e+02
   5.2700000e+02
   1.4500000e+02
   5.1400000e+02
   7.8000000e+02
   1.2500000e+02
   6.0800000e+02
   1.6500000e+02
   1.1240000e+03
   1.5000000e+02
   8.4600000e+02
   9.5800000e+02
   1.7200000e+02
   6.6400000e+02
   1.6300000e+02
   7.1000000e+02
   1.4100000e+02
   9.6600000e+02
   6.1500000e+02
   1.7800000e+02
   8.1200000e+02
   2.0900000e+02
   7.1000000e+02
   1.3060000e+03
   1.6000000e+02
   6.5600000e+02
   1.8700000e+02
   1.0040000e+03
   2.1800000e+02
   1.2080000e+03
   1.7120000e+03
   1.6400000e+02
   1.1240000e+03
   1.9100000e+02
   6.3100000e+02
   2.5600000e+02
   7.2000000e+02
   1.4250000e+03
   1.9000000e+02
   1.3340000e+03
   2.2500000e+02
   7.2400000e+02
   2.0100000e+02
   1.0030000e+03
   7.5400000e+02
   2.3300000e+02
   1.0570000e+03
   2.6400000e+02
   7.1900000e+02
   2.1700000e+02
   8.4800000e+02
   1.5460000e+03
   2.6400000e+02
   1.3370000e+03
   2.3900000e+02
   7.7500000e+02
   2.2600000e+02
   1.6780000e+03
   1.9050000e+03
   2.8200000e+02
   5.0000000e+02
   3.1500000e+02
   7.6100000e+02
   1.7460000e+03
   2.7200000e+02
   9.8100000e+02
   3.3700000e+02
   6.8200000e+02
   3.0600000e+02
   9.6300000e+02
   1.3880000e+03
   3.2000000e+02
   8.5600000e+02
   3.5600000e+02
   9.0000000e+02
   4.0500000e+02
   8.0200000e+02
   1.1140000e+03
   3.1600000e+02
   1.5330000e+03
   3.7600000e+02
   1.1480000e+03
   3.2700000e+02
   1.0750000e+03
   1.1520000e+03
   3.8500000e+02
   1.2330000e+03
   4.4900000e+02
   8.5900000e+02
   3.4100000e+02
   6.7200000e+02
   1.0640000e+03
   3.8600000e+02
   1.2080000e+03
   4.7000000e+02
   4.3600000e+02
   3.5400000e+02
   1.4460000e+03
   7.8200000e+02
   5.1100000e+02
   9.7400000e+02
   5.0300000e+02
   1.1650000e+03
   1.1320000e+03
   4.0400000e+02
   1.3980000e+03
   5.3800000e+02
   8.6400000e+02
   5.1300000e+02
   6.9800000e+02
   1.3360000e+03
   4.6400000e+02
   8.3600000e+02
   5.7900000e+02
   5.8600000e+02
   6.0500000e+02
   1.3810000e+03
   1.2520000e+03
   5.3100000e+02
   1.0920000e+03
   6.2300000e+02
   1.1030000e+03
   5.1300000e+02
   5.3900000e+02
   2.5020000e+03
   5.7000000e+02
   1.1930000e+03
   6.7700000e+02
   1.7520000e+03
   5.7200000e+02
   1.8040000e+03
   1.2630000e+03
   7.1600000e+02
   1.2280000e+03
   7.1500000e+02
   1.1020000e+03
   6.2700000e+02
   1.7050000e+03
   9.8600000e+02
   7.4100000e+02
   1.1000000e+03
   8.1000000e+02
   1.1220000e+03
   1.4430000e+03
   6.2500000e+02
   1.1740000e+03
   8.3200000e+02
   1.8100000e+03
   8.4800000e+02
   1.2480000e+03
   1.6320000e+03
   7.5600000e+02
   1.0490000e+03
   9.7100000e+02
   1.8620000e+03
   9.1200000e+02
   1.3410000e+03
   1.8670000e+03
   7.9000000e+02
   1.6040000e+03
   8.8700000e+02
   1.3130000e+03
   8.5000000e+02
   1.5800000e+03
   8.7000000e+02
   8.2000000e+02
   1.6490000e+03
   9.9300000e+02
   1.3750000e+03
   9.1900000e+02
   1.5060000e+03
   1.3410000e+03
   1.0120000e+03
   1.1000000e+03
   1.1760000e+03
   1.5160000e+03
   9.9400000e+02
   2.0370000e+03
   1.5710000e+03
   1.1590000e+03
   9.8700000e+02
   1.1320000e+03
   1.2760000e+03
   2.2240000e+03
   1.0290000e+03
   2.0580000e+03
   1.3060000e+03
   1.6160000e+03
   1.2570000e+03
   1.4690000e+03
   2.6970000e+03
   1.1750000e+03
   1.3600000e+03
   1.3490000e+03
   1.8830000e+03
   1.3540000e+03
   1.7230000e+03
   2.0930000e+03
   1.1460000e+03
   1.1290000e+03
   1.3640000e+03
   1.6340000e+03
   1.2470000e+03
   2.7310000e+03
   2.0730000e+03
   1.2760000e+03
   2.0840000e+03
   1.4750000e+03
   1.6350000e+03
   1.2970000e+03
   2.6460000e+03
   2.1390000e+03
   1.6560000e+03
   1.5710000e+03
   1.5930000e+03
   2.1790000e+03
   1.3440000e+03
   2.5000000e+03
   1.9140000e+03
   1.6490000e+03
   1.5320000e+03
   1.6860000e+03
   2.2150000e+03
   1.4770000e+03
   2.9830000e+03
   2.4640000e+03
   1.6720000e+03
   1.9290000e+03
   1.7700000e+03
   1.9070000e+03
   3.1570000e+03
   1.5260000e+03
   1.6620000e+03
   1.7220000e+03
   1.2580000e+03
   1.9180000e+03
   1.5820000e+03
   2.9240000e+03
   1.6250000e+03
   2.0010000e+03
   1.9530000e+03
   2.3130000e+03
   1.7010000e+03
   3.2120000e+03
   1.7650000e+03
   1.7230000e+03
   2.0370000e+03
   2.0170000e+03
   2.6890000e+03
   1.7420000e+03
   3.3590000e+03
   1.8420000e+03
   2.1640000e+03
   1.8310000e+03
   2.1110000e+03
   1.6640000e+03
   1.7670000e+03
   3.5820000e+03
   2.1970000e+03
   2.2210000e+03
   1.7060000e+03
   2.2150000e+03
   2.0240000e+03
   1.8560000e+03
   3.5620000e+03
   2.5770000e+03
   2.2260000e+03
   1.8060000e+03
   2.4040000e+03
   2.2980000e+03
   3.6480000e+03
   1.9170000e+03
   1.9370000e+03
   2.3360000e+03
   1.6360000e+03
   2.4740000e+03
   1.9920000e+03
   3.7970000e+03
   2.1260000e+03
   2.8520000e+03
   2.5320000e+03
   2.2870000e+03
   2.0940000e+03
   3.3250000e+03
   3.2190000e+03
   2.1670000e+03
   2.2620000e+03
   2.5090000e+03
   2.3670000e+03
   2.3270000e+03
   4.0170000e+03
   2.4820000e+03
   2.5660000e+03
   2.3510000e+03
   2.7470000e+03
   2.5530000e+03
   2.2520000e+03
   4.0430000e+03
   2.5600000e+03
   2.7440000e+03
   2.4050000e+03
   2.7710000e+03
   2.8820000e+03
   4.4720000e+03
   2.3650000e+03
   2.7400000e+03
   2.8770000e+03
   2.5440000e+03
   2.9840000e+03
   2.5760000e+03
   4.0320000e+03
   2.1990000e+03
   2.9670000e+03
   2.9020000e+03
   2.2360000e+03
   2.9370000e+03
   2.3300000e+03
   3.8930000e+03
   2.5910000e+03
   2.7650000e+03
   2.9600000e+03
   2.5580000e+03
   2.4900000e+03
   2.9810000e+03
   4.5800000e+03
   2.6080000e+03
   2.3370000e+03
   3.1300000e+03
   2.9270000e+03
   2.6470000e+03
   4.6600000e+03
   2.7940000e+03
   3.1600000e+03
   2.2090000e+03
   3.0680000e+03
   2.5430000e+03
   2.7370000e+03
   4.6740000e+03
   2.7220000e+03
   3.0750000e+03
   1.9270000e+03
   3.2660000e+03
   2.8760000e+03
   4.3960000e+03
   2.6440000e+03
   3.1480000e+03
   3.2200000e+03
   3.1550000e+03
   3.1450000e+03
   2.5240000e+03
   4.7550000e+03
   2.6110000e+03
   2.7290000e+03
   3.2230000e+03
   2.5190000e+03
   3.2530000e+03
   2.7900000e+03
   4.5620000e+03
   2.8220000e+03
   2.3620000e+03
   3.1990000e+03
   2.9650000e+03
   2.8490000e+03
   3.0070000e+03
   5.4120000e+03
   2.6800000e+03
   2.4510000e+03
   3.1570000e+03
   2.7280000e+03
   2.8880000e+03
   4.8450000e+03
   3.5070000e+03
   3.2570000e+03
   3.0470000e+03
   3.3250000e+03
   3.2220000e+03
   2.8450000e+03
   4.5970000e+03
   2.9480000e+03
   3.2530000e+03
   2.3840000e+03
   3.2440000e+03
   3.6190000e+03
   4.6610000e+03
   2.7070000e+03
   3.2660000e+03
   3.2600000e+03
   2.8230000e+03
   3.2280000e+03
   2.7020000e+03
   5.1030000e+03
   2.8370000e+03
   3.5980000e+03
   3.1570000e+03
   2.3160000e+03
   3.1630000e+03
   2.8320000e+03
   4.8240000e+03
   2.8070000e+03
   3.3380000e+03
   3.2820000e+03
   4.0400000e+03
   2.8310000e+03
   4.9010000e+03
   3.3650000e+03
   2.8450000e+03
   2.7210000e+03
   3.2240000e+03
   3.5170000e+03
   2.8000000e+03
   5.4290000e+03
   3.4370000e+03
   3.1420000e+03
   2.9960000e+03
   3.2030000e+03
   3.5990000e+03
   2.6850000e+03
   4.8460000e+03
   3.6120000e+03
   3.1120000e+03
   2.4170000e+03
   3.1280000e+03
   2.5910000e+03
   2.5780000e+03
   4.3220000e+03
   3.7490000e+03
   3.1850000e+03
   2.3350000e+03
   3.1910000e+03
   2.7190000e+03
   4.9810000e+03
   2.6160000e+03
   3.1160000e+03
   3.1050000e+03
   1.9540000e+03
   3.0550000e+03
   2.6740000e+03
   3.9960000e+03
   2.6200000e+03
   2.3200000e+03
   3.1800000e+03
   3.3650000e+03
   2.5440000e+03
   4.9520000e+03
   2.3980000e+03
   2.6560000e+03
   2.7100000e+03
   3.1080000e+03
   2.5460000e+03
   2.3930000e+03
   4.7430000e+03
   2.7050000e+03
   2.8730000e+03
   2.1990000e+03
   2.8470000e+03
   2.4540000e+03
   2.3470000e+03
   5.0010000e+03
   2.3890000e+03
   2.8220000e+03
   2.4090000e+03
   2.9130000e+03
   2.3910000e+03
   2.4190000e+03
   3.9940000e+03
   2.8540000e+03
   2.8550000e+03
   2.3850000e+03
   2.8290000e+03
   2.4610000e+03
   3.9900000e+03
   2.3860000e+03
   2.1670000e+03
   2.6610000e+03
   1.9450000e+03
   2.7640000e+03
   3.1360000e+03
   3.5340000e+03
   2.1100000e+03
   2.7510000e+03
   2.6680000e+03
   2.1940000e+03
   2.3410000e+03
   4.2410000e+03
   3.3580000e+03
   2.2490000e+03
   2.5020000e+03
   2.5630000e+03
   2.7580000e+03
   2.1410000e+03
   3.6060000e+03
   2.2490000e+03
   2.5600000e+03
   2.3870000e+03
   2.5950000e+03
   2.4330000e+03
   2.0840000e+03
   3.7310000e+03
   2.6720000e+03
   2.3540000e+03
   1.7300000e+03
   2.4030000e+03
   2.1650000e+03
   3.7410000e+03
   1.9250000e+03
   1.8140000e+03
   2.3130000e+03
   1.8990000e+03
   2.3440000e+03
   1.9060000e+03
   3.5700000e+03
   1.9700000e+03
   1.8450000e+03
   2.2820000e+03
   2.7190000e+03
   2.2370000e+03
   1.9420000e+03
   3.5760000e+03
   1.9890000e+03
   2.6360000e+03
   2.1170000e+03
   2.0460000e+03
   1.9300000e+03
   4.3950000e+03
   2.0920000e+03
   1.8530000e+03
   1.9030000e+03
   2.1690000e+03
   1.9840000e+03
   1.8260000e+03
   3.6850000e+03
   2.6310000e+03
   2.0600000e+03
   1.3100000e+03
   1.8590000e+03
   2.0680000e+03
   1.6590000e+03
   3.3410000e+03
   2.2950000e+03
   1.9940000e+03
   1.8110000e+03
   2.0200000e+03
   2.1930000e+03
   2.8370000e+03
   1.6050000e+03
   1.8140000e+03
   1.9130000e+03
   2.1100000e+03
   1.8950000e+03
   2.4450000e+03
   3.1460000e+03
   1.5050000e+03
   1.9170000e+03
   1.8230000e+03
   1.5820000e+03
   1.8730000e+03
   2.0590000e+03
   3.1710000e+03
   1.6120000e+03
   1.6980000e+03
   1.5950000e+03
   1.8120000e+03
   1.4940000e+03
   1.5620000e+03
   2.7050000e+03
   1.4670000e+03
   2.0350000e+03
   1.6480000e+03
   1.4420000e+03
   1.4290000e+03
   2.4070000e+03
   1.3310000e+03
   1.6310000e+03
   1.0280000e+03
   1.6230000e+03
   1.6010000e+03
   1.2840000e+03
   2.3840000e+03
   3.3790000e+03
   1.5330000e+03
   1.5800000e+03
   1.5660000e+03
   1.5850000e+03
   2.5260000e+03
   1.2200000e+03
   2.0100000e+03
   1.4850000e+03
   2.1890000e+03
   1.4180000e+03
   1.3580000e+03
   2.0320000e+03
   1.2040000e+03
   1.3880000e+03
   1.3980000e+03
   1.4710000e+03
   1.3850000e+03
   1.5150000e+03
   2.3250000e+03
   1.1610000e+03
   1.4950000e+03
   1.2700000e+03
   2.0180000e+03
   1.1310000e+03
   2.0990000e+03
   2.7240000e+03
   1.0550000e+03
   1.9440000e+03
   1.2960000e+03
   1.3640000e+03
   1.0270000e+03
   2.7770000e+03
   2.2790000e+03
   1.2030000e+03
   1.6910000e+03
   1.2400000e+03
   2.1120000e+03
   9.4500000e+02
   2.8370000e+03
   1.6220000e+03
   1.1820000e+03
   1.6360000e+03
   1.1380000e+03
   1.6430000e+03
   1.9270000e+03
   8.7700000e+02
   1.7930000e+03
   1.1020000e+03
   1.4250000e+03
   1.0700000e+03
   1.7580000e+03
   2.5450000e+03
   9.2600000e+02
   1.0030000e+03
   1.0380000e+03
   1.2840000e+03
   1.0250000e+03
   1.4730000e+03
   2.0230000e+03
   8.5100000e+02
   1.6990000e+03
   9.6800000e+02
   9.6100000e+02
   8.1000000e+02
   1.4770000e+03
   1.8410000e+03
   7.8900000e+02
   1.4550000e+03
   9.4000000e+02
   1.4920000e+03
   7.5500000e+02
   2.0940000e+03
   1.6440000e+03
   8.7200000e+02
   1.0960000e+03
   8.4300000e+02
   2.5040000e+03
   7.1100000e+02
   1.8140000e+03
   1.4060000e+03
   8.4500000e+02
   1.0250000e+03
   8.2700000e+02
   6.5300000e+02
   6.7100000e+02
   1.4610000e+03
   1.9760000e+03
   7.7000000e+02
   1.6310000e+03
   7.6800000e+02
   1.4840000e+03
   1.7010000e+03
   5.8200000e+02
   6.7200000e+02
   6.5900000e+02
   1.0100000e+03
   7.8000000e+02
   1.2250000e+03
   1.4730000e+03
   5.7500000e+02
   1.0550000e+03
   6.8100000e+02
   1.3850000e+03
   5.4000000e+02
   1.6360000e+03
   7.1500000e+02
   5.6600000e+02
   2.0330000e+03
   6.4200000e+02
   1.3580000e+03
   5.3100000e+02
   2.1680000e+03
   1.1650000e+03
   6.4600000e+02
   7.8200000e+02
   6.0200000e+02
   1.0350000e+03
   4.9000000e+02
   1.2720000e+03
   1.6330000e+03
   5.3000000e+02
   8.0500000e+02
   5.2300000e+02
   1.0570000e+03
   8.9000000e+02
   4.1000000e+02
   7.3900000e+02
   5.2600000e+02
   8.4300000e+02
   4.7900000e+02
   5.1800000e+02
   1.0180000e+03
   4.4100000e+02
   1.0740000e+03
   4.5300000e+02
   1.2000000e+03
   4.4100000e+02
   1.0630000e+03
   1.5080000e+03
   3.6500000e+02
   1.0130000e+03
   4.5100000e+02
   5.4700000e+02
   3.4500000e+02
   9.2100000e+02
   8.7300000e+02
   3.3500000e+02
   8.0400000e+02
   3.4100000e+02
   9.2600000e+02
   3.0900000e+02
   6.5400000e+02
   1.2220000e+03
   3.7300000e+02
   6.8600000e+02
   3.4900000e+02
   7.4100000e+02
   3.0500000e+02
   9.6800000e+02
   8.6300000e+02
   3.3900000e+02
   1.3920000e+03
   2.8000000e+02
   1.0860000e+03
   2.1400000e+02
   1.0480000e+03
   9.7900000e+02
   2.6900000e+02
   5.6000000e+02
   2.8100000e+02
   6.4100000e+02
   5.5500000e+02
   2.0300000e+02
   1.2360000e+03
   2.8400000e+02
   1.1430000e+03
   2.5800000e+02
   7.7500000e+02
   5.1300000e+02
   1.9300000e+02
   8.6700000e+02
   2.3500000e+02
   4.0600000e+02
   2.0400000e+02
   1.2600000e+03
   5.1600000e+02
   1.8400000e+02
   5.0400000e+02
   2.0500000e+02
   5.4900000e+02
   1.7700000e+02
   1.1200000e+03
   5.7600000e+02
   1.8700000e+02
   1.5500000e+03
   1.7400000e+02
   1.9720000e+03
   1.6000000e+02
   8.0400000e+02
   1.0300000e+03
   2.1900000e+02
   5.1500000e+02
   2.2500000e+02
   7.7300000e+02
   7.2000000e+01
