   1.6990000e+03
   2.1060000e+03
   1.3700000e+02
   1.1530000e+03
   1.4700000e+02
   9.2500000e+02
   1.5190000e+03
   1.1900000e+02
   1.6060000e+03
   1.5200000e+02
   1.2130000e+03
   1.5900000e+02
   1.4830000e+03
   1.3980000e+03
   1.5800000e+02
   1.3920000e+03
   1.9000000e+02
   1.5520000e+03
   1.5100000e+02
   1.9890000e+03
   7.4500000e+02
   1.5700000e+02
   1.9860000e+03
   1.8300000e+02
   2.1200000e+03
   1.5200000e+02
   5.4200000e+02
   8.0800000e+02
   1.6300000e+02
   8.0600000e+02
   2.0300000e+02
   8.0600000e+02
   1.8700000e+02
   1.1230000e+03
   1.2740000e+03
   2.2900000e+02
   3.1130000e+03
   2.5700000e+02
   1.0110000e+03
   1.6330000e+03
   2.0300000e+02
   1.6210000e+03
   2.8400000e+02
   1.3260000e+03
   2.5700000e+02
   9.1800000e+02
   3.0830000e+03
   2.3300000e+02
   4.2100000e+02
   2.7100000e+02
   2.1970000e+03
   2.7700000e+02
   6.1100000e+02
   1.5440000e+03
   2.4300000e+02
   9.9400000e+02
   2.8800000e+02
   1.5410000e+03
   2.5200000e+02
   2.5610000e+03
   2.7990000e+03
   2.8400000e+02
   1.7570000e+03
   3.1300000e+02
   1.1050000e+03
   2.5300000e+02
   1.7100000e+03
   1.2470000e+03
   3.5800000e+02
   8.5900000e+02
   3.6200000e+02
   1.4790000e+03
   3.4000000e+02
   1.5830000e+03
   1.7330000e+03
   3.7400000e+02
   8.6000000e+02
   3.7000000e+02
   1.1480000e+03
   3.1740000e+03
   3.1400000e+02
   2.7550000e+03
   3.9000000e+02
   1.2610000e+03
   4.4000000e+02
   2.0680000e+03
   1.6750000e+03
   3.4500000e+02
   1.2520000e+03
   4.8600000e+02
   2.0770000e+03
   4.2400000e+02
   1.3510000e+03
   1.3170000e+03
   4.1000000e+02
   1.5090000e+03
   4.5800000e+02
   6.0900000e+02
   4.5000000e+02
   2.1700000e+03
   1.4960000e+03
   4.4000000e+02
   1.6070000e+03
   5.5200000e+02
   1.5600000e+03
   4.4500000e+02
   2.3980000e+03
   2.6960000e+03
   5.4600000e+02
   2.0340000e+03
   5.7600000e+02
   2.0670000e+03
   5.2300000e+02
   2.7880000e+03
   9.8600000e+02
   6.3900000e+02
   7.4900000e+02
   6.3100000e+02
   9.0500000e+02
   2.5040000e+03
   5.3300000e+02
   8.4400000e+02
   6.8600000e+02
   1.3310000e+03
   7.0800000e+02
   9.2900000e+02
   2.0790000e+03
   6.1900000e+02
   1.3470000e+03
   6.7400000e+02
   2.3610000e+03
   7.5300000e+02
   1.2790000e+03
   2.4330000e+03
   6.9700000e+02
   3.1530000e+03
   6.9600000e+02
   7.2600000e+02
   6.5100000e+02
   3.2130000e+03
   1.9240000e+03
   7.0700000e+02
   1.6290000e+03
   8.4900000e+02
   1.1230000e+03
   8.3100000e+02
   1.7820000e+03
   7.8200000e+02
   9.2600000e+02
   1.8540000e+03
   9.1600000e+02
   1.8220000e+03
   8.3100000e+02
   2.9650000e+03
   1.2670000e+03
   9.6800000e+02
   1.3450000e+03
   9.7700000e+02
   2.0700000e+03
   2.2670000e+03
   8.7600000e+02
   2.6240000e+03
   1.0980000e+03
   1.9610000e+03
   1.0670000e+03
   1.0380000e+03
   1.9170000e+03
   1.0000000e+03
   2.5100000e+03
   1.1870000e+03
   1.5800000e+03
   1.2210000e+03
   2.2250000e+03
   2.2350000e+03
   1.0510000e+03
   1.5910000e+03
   1.2630000e+03
   2.6570000e+03
   1.1730000e+03
   2.3750000e+03
   1.8220000e+03
   1.1580000e+03
   3.1300000e+03
   1.4750000e+03
   2.5280000e+03
   1.2370000e+03
   3.6990000e+03
   1.1530000e+03
   1.5330000e+03
   1.7630000e+03
   1.5690000e+03
   2.1580000e+03
   1.3970000e+03
   3.0340000e+03
   2.6290000e+03
   1.5740000e+03
   1.5310000e+03
   1.7670000e+03
   1.8650000e+03
   3.4630000e+03
   1.5030000e+03
   2.9840000e+03
   1.7460000e+03
   1.6700000e+03
   1.8180000e+03
   2.1500000e+03
   4.2660000e+03
   1.6320000e+03
   1.6590000e+03
   1.9590000e+03
   1.5980000e+03
   1.9440000e+03
   2.0990000e+03
   3.1960000e+03
   1.7170000e+03
   3.7190000e+03
   1.9440000e+03
   2.1620000e+03
   1.8000000e+03
   3.0790000e+03
   2.4300000e+03
   1.7660000e+03
   2.3040000e+03
   2.2560000e+03
   3.0250000e+03
   1.9320000e+03
   3.6330000e+03
   2.7540000e+03
   2.3900000e+03
   2.1750000e+03
   2.2990000e+03
   2.5800000e+03
   1.9180000e+03
   4.1300000e+03
   2.5100000e+03
   2.3530000e+03
   2.4590000e+03
   2.4710000e+03
   2.5050000e+03
   4.6860000e+03
   2.0120000e+03
   2.4650000e+03
   2.5820000e+03
   2.9020000e+03
   2.5390000e+03
   3.4220000e+03
   5.4430000e+03
   2.2940000e+03
   3.3340000e+03
   2.7470000e+03
   2.1540000e+03
   2.7920000e+03
   2.7180000e+03
   5.2530000e+03
   2.3880000e+03
   3.7260000e+03
   2.7400000e+03
   2.8720000e+03
   2.3160000e+03
   4.9080000e+03
   2.8920000e+03
   2.5330000e+03
   3.2570000e+03
   2.9790000e+03
   2.7260000e+03
   2.5110000e+03
   4.5520000e+03
   3.5380000e+03
   2.9360000e+03
   3.5100000e+03
   3.0010000e+03
   3.0820000e+03
   2.5690000e+03
   5.9250000e+03
   4.7000000e+03
   3.0880000e+03
   2.2220000e+03
   3.0740000e+03
   2.9530000e+03
   6.1280000e+03
   2.7100000e+03
   3.3380000e+03
   3.2750000e+03
   2.4730000e+03
   3.2120000e+03
   3.4150000e+03
   6.1870000e+03
   2.8760000e+03
   3.3670000e+03
   3.4760000e+03
   3.0150000e+03
   3.5830000e+03
   3.0180000e+03
   5.4710000e+03
   3.0790000e+03
   4.3720000e+03
   3.4620000e+03
   3.8230000e+03
   3.1050000e+03
   5.4720000e+03
   3.8920000e+03
   3.1970000e+03
   4.1710000e+03
   3.6440000e+03
   3.6250000e+03
   3.2010000e+03
   4.9170000e+03
   3.8000000e+03
   3.7780000e+03
   3.5830000e+03
   3.7760000e+03
   2.9340000e+03
   3.3240000e+03
   6.1920000e+03
   3.2660000e+03
   3.7740000e+03
   3.3800000e+03
   3.9840000e+03
   3.9560000e+03
   5.6690000e+03
   3.3460000e+03
   4.4530000e+03
   4.1670000e+03
   3.7250000e+03
   4.0160000e+03
   3.8840000e+03
   6.1260000e+03
   3.3780000e+03
   4.2560000e+03
   4.2900000e+03
   2.7110000e+03
   4.0960000e+03
   4.2460000e+03
   6.6760000e+03
   3.5930000e+03
   3.9940000e+03
   4.3000000e+03
   4.0200000e+03
   3.7650000e+03
   3.0570000e+03
   7.5230000e+03
   3.6120000e+03
   4.1030000e+03
   4.4140000e+03
   4.3910000e+03
   3.7440000e+03
   7.3900000e+03
   4.2270000e+03
   4.4850000e+03
   3.7890000e+03
   4.4910000e+03
   3.9480000e+03
   3.8770000e+03
   6.4940000e+03
   3.8090000e+03
   4.2610000e+03
   3.5860000e+03
   4.6040000e+03
   4.1200000e+03
   6.1040000e+03
   3.5570000e+03
   4.1980000e+03
   4.5230000e+03
   4.2330000e+03
   4.4560000e+03
   3.6970000e+03
   6.8710000e+03
   3.8490000e+03
   3.6160000e+03
   4.3820000e+03
   4.3050000e+03
   4.5490000e+03
   4.1640000e+03
   6.6130000e+03
   3.8910000e+03
   4.6290000e+03
   4.3800000e+03
   4.2200000e+03
   3.7910000e+03
   6.0730000e+03
   3.3130000e+03
   3.8410000e+03
   4.5410000e+03
   4.4930000e+03
   4.0370000e+03
   4.0500000e+03
   6.0160000e+03
   3.9320000e+03
   4.4030000e+03
   3.7660000e+03
   4.5610000e+03
   4.2780000e+03
   3.9800000e+03
   6.4940000e+03
   4.3740000e+03
   4.5400000e+03
   3.0800000e+03
   4.5220000e+03
   3.9350000e+03
   6.6300000e+03
   3.7350000e+03
   5.1920000e+03
   4.3510000e+03
   3.8570000e+03
   4.4670000e+03
   3.9300000e+03
   7.3840000e+03
   3.7490000e+03
   3.8710000e+03
   4.5580000e+03
   4.1090000e+03
   4.4850000e+03
   4.2650000e+03
   6.2610000e+03
   3.8380000e+03
   3.3780000e+03
   4.3600000e+03
   3.9700000e+03
   3.7450000e+03
   7.1410000e+03
   4.7260000e+03
   3.7700000e+03
   4.6550000e+03
   4.6380000e+03
   3.8900000e+03
   3.7730000e+03
   6.4090000e+03
   4.7380000e+03
   4.4390000e+03
   3.5330000e+03
   4.4790000e+03
   4.6730000e+03
   3.6540000e+03
   6.2480000e+03
   4.2360000e+03
   4.4200000e+03
   3.5630000e+03
   4.4650000e+03
   4.7120000e+03
   3.6520000e+03
   6.2800000e+03
   5.5410000e+03
   4.3650000e+03
   3.9140000e+03
   4.2560000e+03
   4.0310000e+03
   7.0550000e+03
   3.7700000e+03
   3.6740000e+03
   4.4640000e+03
   2.7400000e+03
   4.5340000e+03
   3.4460000e+03
   6.3930000e+03
   3.8050000e+03
   4.1100000e+03
   4.4690000e+03
   4.4560000e+03
   3.7500000e+03
   6.7100000e+03
   3.6070000e+03
   3.8390000e+03
   3.9880000e+03
   4.2280000e+03
   5.1660000e+03
   3.8340000e+03
   6.5640000e+03
   3.7750000e+03
   4.3830000e+03
   3.5950000e+03
   4.1890000e+03
   3.2620000e+03
   3.4480000e+03
   6.8850000e+03
   4.2260000e+03
   4.2110000e+03
   3.1680000e+03
   4.3450000e+03
   3.7030000e+03
   3.4930000e+03
   6.3220000e+03
   4.7320000e+03
   4.0850000e+03
   3.2120000e+03
   4.1900000e+03
   3.7430000e+03
   6.1630000e+03
   3.3690000e+03
   3.4130000e+03
   3.9500000e+03
   2.8310000e+03
   4.0620000e+03
   3.2720000e+03
   5.9000000e+03
   3.3410000e+03
   4.7510000e+03
   3.9860000e+03
   3.6730000e+03
   3.4290000e+03
   5.2880000e+03
   5.6290000e+03
   3.5500000e+03
   3.5820000e+03
   3.9820000e+03
   3.6040000e+03
   3.4450000e+03
   6.3630000e+03
   3.7590000e+03
   3.9770000e+03
   3.4950000e+03
   4.0860000e+03
   3.8680000e+03
   3.4060000e+03
   6.0300000e+03
   4.5370000e+03
   3.9860000e+03
   3.3970000e+03
   3.9760000e+03
   4.2630000e+03
   6.7770000e+03
   3.3070000e+03
   3.9890000e+03
   3.9350000e+03
   3.6820000e+03
   4.0940000e+03
   3.5770000e+03
   5.8170000e+03
   3.0710000e+03
   3.7650000e+03
   3.9250000e+03
   3.0810000e+03
   3.9390000e+03
   3.1610000e+03
   5.2900000e+03
   3.3400000e+03
   3.8950000e+03
   3.8710000e+03
   3.7130000e+03
   3.3220000e+03
   3.9900000e+03
   6.3140000e+03
   3.3010000e+03
   3.0040000e+03
   3.9760000e+03
   3.9260000e+03
   3.3180000e+03
   6.1480000e+03
   3.6190000e+03
   3.8250000e+03
   2.9310000e+03
   3.7320000e+03
   3.4030000e+03
   3.3460000e+03
   5.8560000e+03
   3.6940000e+03
   3.6410000e+03
   2.4290000e+03
   3.8640000e+03
   3.6880000e+03
   5.2970000e+03
   3.0800000e+03
   4.1080000e+03
   3.8850000e+03
   4.2040000e+03
   3.7540000e+03
   3.1490000e+03
   6.1330000e+03
   3.1180000e+03
   3.3980000e+03
   3.7040000e+03
   3.0720000e+03
   3.6910000e+03
   3.2980000e+03
   5.5230000e+03
   3.1120000e+03
   3.3840000e+03
   3.6070000e+03
   3.6080000e+03
   3.1030000e+03
   3.8680000e+03
   6.5120000e+03
   3.0560000e+03
   2.9170000e+03
   3.3710000e+03
   3.1630000e+03
   3.1250000e+03
   5.9040000e+03
   4.4530000e+03
   3.5620000e+03
   3.8070000e+03
   3.5110000e+03
   3.8990000e+03
   3.0340000e+03
   5.5940000e+03
   3.3710000e+03
   3.4270000e+03
   2.6920000e+03
   3.4780000e+03
   4.7400000e+03
   5.0740000e+03
   2.9180000e+03
   3.9910000e+03
   3.5500000e+03
   3.4680000e+03
   3.3750000e+03
   3.1960000e+03
   6.0760000e+03
   2.9770000e+03
   4.2380000e+03
   3.2840000e+03
   2.7300000e+03
   3.3130000e+03
   3.2740000e+03
   5.4580000e+03
   2.9880000e+03
   4.1330000e+03
   3.3250000e+03
   5.0480000e+03
   2.9340000e+03
   6.0010000e+03
   4.2380000e+03
   2.8530000e+03
   3.6470000e+03
   3.3500000e+03
   4.5830000e+03
   2.8360000e+03
   6.0770000e+03
   4.0890000e+03
   3.1860000e+03
   3.7180000e+03
   3.3040000e+03
   4.5040000e+03
   2.6190000e+03
   5.1660000e+03
   4.4090000e+03
   3.2920000e+03
   2.6460000e+03
   3.1250000e+03
   2.8710000e+03
   2.7170000e+03
   4.5620000e+03
   4.4760000e+03
   3.2370000e+03
   2.5960000e+03
   3.1960000e+03
   3.1030000e+03
   5.8280000e+03
   2.6850000e+03
   3.9350000e+03
   3.2030000e+03
   2.0440000e+03
   3.2600000e+03
   2.4730000e+03
   4.1270000e+03
   2.6670000e+03
   2.6090000e+03
   3.2230000e+03
   4.2000000e+03
   2.7660000e+03
   5.2870000e+03
   2.5630000e+03
   2.5970000e+03
   2.9900000e+03
   3.1440000e+03
   3.0360000e+03
   2.5200000e+03
   5.4210000e+03
   4.2790000e+03
   3.0700000e+03
   2.6470000e+03
   2.9000000e+03
   2.8060000e+03
   2.5550000e+03
   5.5930000e+03
   2.6190000e+03
   2.9220000e+03
   2.9700000e+03
   2.9490000e+03
   2.6560000e+03
   2.5250000e+03
   4.3710000e+03
   3.4730000e+03
   3.0810000e+03
   2.5180000e+03
   2.9750000e+03
   3.1000000e+03
   4.5130000e+03
   2.4850000e+03
   2.4890000e+03
   2.8630000e+03
   2.2500000e+03
   2.9260000e+03
   4.1570000e+03
   3.8340000e+03
   2.2680000e+03
   3.4350000e+03
   2.6900000e+03
   2.4510000e+03
   2.4830000e+03
   4.9110000e+03
   4.1450000e+03
   2.4300000e+03
   2.9670000e+03
   2.7200000e+03
   3.4740000e+03
   2.4270000e+03
   4.3360000e+03
   2.7380000e+03
   2.8010000e+03
   3.1030000e+03
   2.7150000e+03
   3.1160000e+03
   2.2740000e+03
   5.0480000e+03
   3.3830000e+03
   2.5760000e+03
   2.1040000e+03
   2.7570000e+03
   2.4440000e+03
   4.5410000e+03
   2.0950000e+03
   2.1160000e+03
   2.5260000e+03
   2.2090000e+03
   2.6270000e+03
   2.1910000e+03
   4.1040000e+03
   2.1360000e+03
   2.1750000e+03
   2.5560000e+03
   3.6050000e+03
   2.5690000e+03
   2.4850000e+03
   4.2450000e+03
   2.1630000e+03
   4.2590000e+03
   2.4370000e+03
   2.4890000e+03
   2.2520000e+03
   5.8190000e+03
   2.7770000e+03
   2.0810000e+03
   2.3620000e+03
   2.3800000e+03
   2.5890000e+03
   2.1600000e+03
   4.7770000e+03
   3.6250000e+03
   2.3600000e+03
   1.6280000e+03
   2.3100000e+03
   2.7130000e+03
   2.0270000e+03
   4.2970000e+03
   3.0080000e+03
   2.3470000e+03
   2.3520000e+03
   2.4020000e+03
   3.0250000e+03
   3.6310000e+03
   1.9510000e+03
   2.5310000e+03
   2.3940000e+03
   3.4330000e+03
   2.3580000e+03
   3.4970000e+03
   3.9620000e+03
   1.9330000e+03
   2.5360000e+03
   2.2850000e+03
   2.2160000e+03
   2.3970000e+03
   2.8740000e+03
   4.3480000e+03
   2.0640000e+03
   2.3080000e+03
   2.0420000e+03
   2.5640000e+03
   1.9450000e+03
   2.6720000e+03
   3.6600000e+03
   1.9110000e+03
   2.8200000e+03
   2.1600000e+03
   2.0150000e+03
   2.0110000e+03
   3.3530000e+03
   1.8840000e+03
   2.1920000e+03
   2.0100000e+03
   2.0460000e+03
   2.2330000e+03
   1.7240000e+03
   3.3290000e+03
   4.8960000e+03
   2.0690000e+03
   2.2040000e+03
   2.1420000e+03
   2.3320000e+03
   3.8350000e+03
   1.6880000e+03
   3.1290000e+03
   2.1700000e+03
   3.5530000e+03
   2.0630000e+03
   1.8800000e+03
   3.0780000e+03
   1.7180000e+03
   2.1320000e+03
   1.9930000e+03
   2.2480000e+03
   2.0920000e+03
   2.3960000e+03
   3.5640000e+03
   1.7190000e+03
   2.3840000e+03
   1.9060000e+03
   2.6910000e+03
   1.7680000e+03
   3.4510000e+03
   4.2050000e+03
   1.6390000e+03
   3.0560000e+03
   2.0100000e+03
   2.0540000e+03
   1.6700000e+03
   3.8460000e+03
   2.9220000e+03
   1.8780000e+03
   3.1280000e+03
   1.9630000e+03
   2.7600000e+03
   1.5130000e+03
   4.4940000e+03
   2.5370000e+03
   1.8920000e+03
   2.7300000e+03
   1.8110000e+03
   2.6960000e+03
   3.0410000e+03
   1.4600000e+03
   3.4410000e+03
   1.8270000e+03
   1.6630000e+03
   1.8600000e+03
   2.9740000e+03
   3.1500000e+03
   1.4570000e+03
   1.6210000e+03
   1.7830000e+03
   2.1520000e+03
   1.8530000e+03
   2.3700000e+03
   3.5400000e+03
   1.4900000e+03
   2.7560000e+03
   1.7280000e+03
   1.6910000e+03
   1.4880000e+03
   2.5130000e+03
   3.1470000e+03
   1.3520000e+03
   2.5230000e+03
   1.7270000e+03
   2.0010000e+03
   1.4450000e+03
   3.7590000e+03
   2.8980000e+03
   1.6210000e+03
   1.9460000e+03
   1.5920000e+03
   4.1960000e+03
   1.2730000e+03
   3.2520000e+03
   2.3970000e+03
   1.5960000e+03
   1.6430000e+03
   1.6310000e+03
   1.2900000e+03
   1.2940000e+03
   2.8140000e+03
   3.4770000e+03
   1.5590000e+03
   3.0510000e+03
   1.4900000e+03
   2.5230000e+03
   3.3100000e+03
   1.2120000e+03
   1.4290000e+03
   1.3880000e+03
   1.8750000e+03
   1.5350000e+03
   2.1810000e+03
   2.8260000e+03
   1.2140000e+03
   1.9690000e+03
   1.4190000e+03
   2.5030000e+03
   1.2730000e+03
   3.1240000e+03
   1.4800000e+03
   1.2180000e+03
   3.3750000e+03
   1.4960000e+03
   2.5240000e+03
   1.1980000e+03
   3.5640000e+03
   2.2340000e+03
   1.3410000e+03
   1.5730000e+03
   1.4170000e+03
   2.0150000e+03
   1.1510000e+03
   2.5980000e+03
   3.0530000e+03
   1.2300000e+03
   1.6880000e+03
   1.2920000e+03
   2.0670000e+03
   2.1040000e+03
   1.0820000e+03
   1.4510000e+03
   1.2900000e+03
   1.5620000e+03
   1.2970000e+03
   1.2090000e+03
   2.1800000e+03
   1.0470000e+03
   2.0720000e+03
   1.2520000e+03
   2.3060000e+03
   1.2000000e+03
   2.1380000e+03
   3.6480000e+03
   1.0090000e+03
   2.0370000e+03
   1.1690000e+03
   1.3060000e+03
   9.9600000e+02
   2.0460000e+03
   1.7750000e+03
   9.7600000e+02
   1.6220000e+03
   1.0810000e+03
   1.7120000e+03
   9.3200000e+02
   1.8060000e+03
   2.3620000e+03
   1.0400000e+03
   1.4680000e+03
   1.0950000e+03
   1.4300000e+03
   8.0200000e+02
   2.2020000e+03
   1.7060000e+03
   9.8200000e+02
   2.1750000e+03
   9.9300000e+02
   2.3080000e+03
   8.2500000e+02
   2.3900000e+03
   1.9260000e+03
   1.0060000e+03
   1.8850000e+03
   9.7900000e+02
   1.4880000e+03
   1.5960000e+03
   7.9800000e+02
   2.5170000e+03
   1.0550000e+03
   2.1940000e+03
   9.0900000e+02
   1.6660000e+03
   1.6140000e+03
   8.1800000e+02
   1.9040000e+03
   9.2700000e+02
   1.1770000e+03
   7.7100000e+02
   2.6960000e+03
   1.2490000e+03
   8.4000000e+02
   1.3780000e+03
   8.9300000e+02
   1.3300000e+03
   7.6500000e+02
   2.3900000e+03
   1.4240000e+03
   8.9300000e+02
   2.6990000e+03
   9.2700000e+02
   3.7740000e+03
   7.8700000e+02
   1.9740000e+03
   2.6900000e+03
   8.8200000e+02
   1.2730000e+03
   1.0870000e+03
   2.0480000e+03
   1.9300000e+02
