0
0
0
0
0
0.0503136
0.504833
0.670121
0.734115
0.749184
0.749796
0.746176
0.739671
0.729862
0.717492
0.704747
0.692417
0.679519
0.667297
0.653625
0.640857
0.629436
0.618152
0.60758
0.596875
0.586406
0.575761
0.5657
0.555735
0.54654
0.538006
0.52936
0.52268
0.515811
0.509594
0.503265
0.498081
0.493336
0.487935
0.482463
0.476445
0.470907
0.46568
0.459038
0.452989
0.446858
0.440872
0.435329
0.430706
0.425226
0.420192
0.414685
0.409639
0.403304
0.397748
0.392213
0.386134
0.3802
0.374176
0.368307
0.362202
0.356334
0.350325
0.344847
0.33775
0.331678
0.325466
0.319217
0.312356
0.305088
0.296597
0.285376
0.264184
0.14421
0.000108509
