0
0
0
0
0
0.0499154
0.440581
0.546417
0.555015
0.543137
0.532311
0.522056
0.510552
0.500047
0.489349
0.478497
0.469663
0.460543
0.450737
0.441873
0.433171
0.424964
0.416689
0.408798
0.399952
0.39109
0.382052
0.373831
0.365635
0.35773
0.349844
0.342499
0.335291
0.328407
0.321492
0.313522
0.306247
0.29855
0.291251
0.283572
0.276759
0.269671
0.263548
0.257161
0.251256
0.246198
0.241263
0.236905
0.232476
0.228169
0.2242
0.220234
0.216778
0.213125
0.209296
0.20562
0.201327
0.197397
0.193589
0.189832
0.186296
0.182365
0.17858
0.174768
0.171233
0.167555
0.164368
0.161064
0.158
0.155221
0.152359
0.149279
0.14261
0.0806076
4.48332e-05
