0
0
0
0
0
0.0420462
0.549482
0.645739
0.651895
0.641985
0.631377
0.618325
0.603514
0.586929
0.569751
0.554669
0.539387
0.525667
0.51166
0.500122
0.487292
0.474351
0.462365
0.450955
0.438164
0.425227
0.411106
0.398845
0.386438
0.375064
0.365859
0.356186
0.346414
0.336758
0.328697
0.32022
0.312806
0.304205
0.297694
0.290467
0.283739
0.276758
0.269796
0.262534
0.255766
0.248266
0.240636
0.23306
0.223827
0.214004
0.202089
0.189151
0.177385
0.165211
0.153777
0.142652
0.132002
0.121107
0.111174
0.101812
0.0922651
0.0838339
0.0754628
0.0675235
0.0602642
0.0529551
0.0460779
0.0394651
0.033075
0.0270453
0.0213535
0.0157636
0.010312
0.00507188
7.27925e-06
