0
0
0
0
0
0.0317027
0.353975
0.469183
0.513848
0.524396
0.525725
0.52231
0.515466
0.50705
0.498366
0.490531
0.482462
0.47422
0.465311
0.4575
0.450084
0.443574
0.436706
0.428723
0.420755
0.412304
0.404139
0.396858
0.389889
0.384249
0.378628
0.372748
0.366351
0.360076
0.354315
0.347915
0.343177
0.3383
0.333941
0.329574
0.325815
0.322495
0.318417
0.315058
0.311274
0.307268
0.303523
0.29984
0.296331
0.292649
0.289495
0.28578
0.2828
0.278187
0.274058
0.270074
0.265349
0.261659
0.257877
0.254738
0.252012
0.24933
0.246992
0.245094
0.243044
0.240824
0.23917
0.236655
0.233753
0.231399
0.227215
0.222399
0.213126
0.171648
0.000150334
