0
0
0
0
0
0.0344641
0.509865
0.576189
0.569708
0.552959
0.532775
0.513206
0.495038
0.477872
0.462107
0.447671
0.433442
0.419617
0.406323
0.394521
0.381908
0.370599
0.359999
0.349511
0.340059
0.330356
0.320907
0.311965
0.303031
0.294098
0.285842
0.27796
0.269581
0.261995
0.255027
0.248232
0.241457
0.234496
0.227724
0.22051
0.21341
0.20536
0.196989
0.187326
0.177226
0.166844
0.156886
0.147289
0.13805
0.129541
0.12112
0.113012
0.105606
0.098383
0.0913107
0.0846498
0.0781667
0.0718233
0.0659004
0.0602921
0.0545498
0.0492572
0.0440807
0.0393873
0.0348229
0.0304325
0.0263173
0.0224053
0.0186657
0.0151123
0.0117075
0.00853193
0.00548572
0.00262619
1.35414e-06
