0
0
0
0
0
0.0325997
0.297363
0.348217
0.341337
0.331337
0.321403
0.311618
0.301929
0.292798
0.284558
0.276719
0.269946
0.263438
0.25701
0.250808
0.245326
0.239701
0.234134
0.229116
0.223813
0.218494
0.213458
0.208084
0.202792
0.197126
0.191681
0.186122
0.18085
0.175775
0.171302
0.166767
0.162423
0.158316
0.154447
0.15086
0.147382
0.143754
0.140377
0.137188
0.134374
0.131492
0.128649
0.125802
0.123041
0.12052
0.117834
0.115213
0.112545
0.110191
0.107834
0.105523
0.102943
0.100227
0.0963982
0.0903453
0.0832537
0.0760679
0.0690375
0.0621366
0.0552595
0.0486965
0.0423617
0.036422
0.0305681
0.0250019
0.0196025
0.0143558
0.0093157
0.00456731
1.89654e-06
