0
0
0
0
0
0.030154
0.379144
0.455051
0.461255
0.453559
0.443881
0.43118
0.419151
0.406518
0.394955
0.385195
0.374703
0.36514
0.354705
0.345715
0.337046
0.328264
0.319467
0.31142
0.303875
0.296778
0.289635
0.282929
0.276769
0.270783
0.264585
0.258717
0.253186
0.247419
0.242176
0.236679
0.231135
0.225839
0.220356
0.215482
0.210332
0.205036
0.200344
0.195663
0.190502
0.185436
0.180589
0.175442
0.169835
0.1633
0.155379
0.14698
0.138489
0.129959
0.121905
0.113587
0.105606
0.0981122
0.0908695
0.0838261
0.0770625
0.0704015
0.0640195
0.0577938
0.0516133
0.0456501
0.0398592
0.0342098
0.0288223
0.0236079
0.0185582
0.0136735
0.00891309
0.00436798
2.39996e-06
