0
0
0
0
0
0.0346502
0.300482
0.374854
0.380722
0.37265
0.363764
0.354714
0.345748
0.336696
0.328308
0.320161
0.313329
0.307848
0.3018
0.295886
0.290562
0.285866
0.281317
0.276113
0.272005
0.267749
0.263292
0.259276
0.254745
0.250859
0.247076
0.242694
0.238829
0.234408
0.230046
0.22505
0.220367
0.215166
0.210237
0.20522
0.200682
0.196129
0.191969
0.187539
0.183505
0.179923
0.176135
0.172456
0.169255
0.166076
0.16293
0.160065
0.156769
0.153949
0.15107
0.148316
0.145511
0.142739
0.140172
0.137678
0.135784
0.133463
0.131558
0.12936
0.127271
0.125157
0.123178
0.121213
0.119669
0.118334
0.117319
0.11602
0.113942
0.0924065
5.46274e-05
