0
0
0
0
0
0.0384659
0.39623
0.444086
0.43036
0.417093
0.405693
0.39431
0.384287
0.375163
0.364711
0.355087
0.344947
0.335375
0.325633
0.315556
0.306822
0.298045
0.289981
0.281312
0.273221
0.265256
0.256995
0.249205
0.240955
0.233841
0.226357
0.220077
0.21366
0.207183
0.200917
0.194835
0.189122
0.183365
0.178252
0.173326
0.16834
0.163894
0.15937
0.154973
0.15123
0.147421
0.143985
0.14052
0.137018
0.13351
0.130057
0.126122
0.121291
0.114807
0.106389
0.0981194
0.0898985
0.0822606
0.0748783
0.0679691
0.0613763
0.0551121
0.0491278
0.0436023
0.0383272
0.0333958
0.0286729
0.0243097
0.0201873
0.01622
0.0125346
0.00911978
0.00589003
0.00283195
1.88273e-06
