0
0
0
0
0
0.0843855
1.0263
1.1455
1.1482
1.12539
1.0942
1.06082
1.02622
0.989477
0.957664
0.923236
0.891747
0.860989
0.833873
0.804945
0.780687
0.756561
0.733312
0.709967
0.688283
0.668968
0.646197
0.624936
0.604428
0.583152
0.559161
0.53631
0.509615
0.484573
0.459657
0.436724
0.414063
0.391563
0.372114
0.353313
0.334454
0.317671
0.300531
0.284312
0.268729
0.253715
0.23983
0.226007
0.213411
0.201191
0.188413
0.177516
0.166085
0.155503
0.145627
0.136009
0.126236
0.117249
0.108344
0.100012
0.0920572
0.0837955
0.0764859
0.068906
0.0623756
0.0549408
0.0480745
0.0415699
0.0351105
0.0288434
0.0227995
0.016738
0.0110264
0.00541868
7.53089e-06
