0
0
0
0
0
0.0886481
0.720077
0.980891
1.12915
1.20214
1.24259
1.26549
1.27592
1.28361
1.28085
1.2737
1.26325
1.25444
1.24143
1.22995
1.2183
1.20453
1.19143
1.17789
1.16457
1.15327
1.14115
1.12978
1.11971
1.10886
1.10003
1.0876
1.0767
1.06406
1.05181
1.04126
1.03087
1.01822
1.00682
0.998796
0.991086
0.979952
0.972375
0.964549
0.956072
0.945318
0.93443
0.924555
0.917388
0.904838
0.897015
0.889676
0.879361
0.869665
0.864206
0.853197
0.844822
0.835067
0.826476
0.816302
0.80801
0.800752
0.790897
0.783536
0.77405
0.767419
0.759964
0.752194
0.742568
0.730953
0.717629
0.697688
0.645053
0.372764
0.000471848
