0
0
0
0
0
0.0857929
1.08504
1.20168
1.20225
1.17645
1.14453
1.11135
1.07387
1.03688
0.997684
0.959919
0.922258
0.886323
0.853938
0.823795
0.79667
0.769735
0.744447
0.719786
0.697594
0.675232
0.653852
0.631614
0.61001
0.58822
0.563577
0.539012
0.513286
0.485371
0.461028
0.437986
0.415656
0.393269
0.373565
0.35321
0.334697
0.31748
0.300949
0.284135
0.268921
0.254434
0.240522
0.226773
0.21369
0.200775
0.189271
0.178285
0.1671
0.155816
0.145486
0.135554
0.126096
0.117148
0.10826
0.0998353
0.0916634
0.0836087
0.0760267
0.0684096
0.0615441
0.0546283
0.0478267
0.041322
0.0350406
0.0286983
0.0228769
0.0167574
0.0110127
0.00541801
6.765e-06
