0
0
0
0
0
0.0387096
0.311998
0.436848
0.508775
0.543231
0.562895
0.57265
0.577747
0.577651
0.577986
0.574829
0.571126
0.568635
0.563119
0.5582
0.554354
0.549853
0.544456
0.538696
0.533625
0.52915
0.523592
0.519952
0.51605
0.512151
0.507468
0.503084
0.498185
0.493674
0.489238
0.486037
0.482343
0.478273
0.473124
0.468628
0.46392
0.459437
0.456464
0.452494
0.449813
0.447723
0.444606
0.442991
0.441295
0.439336
0.436449
0.434264
0.431467
0.429348
0.426591
0.42503
0.422984
0.420439
0.418577
0.416395
0.413756
0.41163
0.409785
0.407247
0.404635
0.40199
0.39892
0.395469
0.392354
0.388215
0.383632
0.375815
0.362989
0.29434
0.000410988
