0
0
0
0
0
0.02504
0.330242
0.39763
0.413395
0.412326
0.406519
0.39879
0.389531
0.381537
0.373479
0.36533
0.357712
0.350697
0.343823
0.337401
0.331981
0.325894
0.319835
0.313813
0.308082
0.302179
0.296386
0.29039
0.285139
0.279437
0.273659
0.268179
0.262922
0.257319
0.251631
0.245658
0.239307
0.232749
0.224277
0.214888
0.204905
0.195052
0.185277
0.175191
0.166026
0.156685
0.148057
0.139655
0.131403
0.123757
0.116314
0.109316
0.102468
0.0958498
0.0894512
0.0832168
0.0771623
0.0713052
0.0657626
0.0604646
0.0552922
0.050307
0.0454111
0.0407287
0.0362836
0.0319613
0.0279046
0.0239151
0.0201021
0.0164047
0.0129011
0.00951066
0.00622002
0.00303585
1.96766e-06
