0
0
0
0
0
0.0302864
0.354369
0.426929
0.441686
0.442345
0.436288
0.429712
0.422389
0.41312
0.405069
0.396793
0.388117
0.381008
0.374022
0.36672
0.35932
0.352364
0.345408
0.33946
0.33348
0.327081
0.320843
0.314441
0.308339
0.301856
0.295702
0.289418
0.283503
0.277535
0.271519
0.265309
0.258315
0.250683
0.241196
0.230859
0.220309
0.20972
0.199288
0.189286
0.179145
0.169445
0.160078
0.151167
0.142791
0.134514
0.126639
0.119039
0.11161
0.104532
0.0975572
0.0908907
0.0848771
0.0787227
0.0728414
0.0670386
0.0613201
0.0557988
0.0504568
0.0453495
0.0405137
0.0358341
0.0312074
0.0267758
0.0224783
0.01838
0.0144243
0.0106235
0.00695204
0.00340193
1.74928e-06
