0
0
0
0
0
0.0418304
0.567215
0.650822
0.646356
0.63062
0.610489
0.589201
0.570183
0.550079
0.532744
0.516
0.49914
0.482413
0.467365
0.452353
0.438151
0.424497
0.411315
0.39913
0.386439
0.374721
0.36321
0.35224
0.341187
0.331033
0.321571
0.312323
0.303695
0.295353
0.287049
0.278893
0.270781
0.26331
0.255266
0.247845
0.240076
0.232426
0.224066
0.214688
0.204737
0.194631
0.184819
0.175151
0.165805
0.156587
0.147709
0.139034
0.130711
0.122347
0.114219
0.106289
0.0987698
0.0915228
0.084607
0.0776151
0.0709181
0.0644861
0.0582746
0.0521
0.0461991
0.0404669
0.0350462
0.0299033
0.0250477
0.0202325
0.0157488
0.0115877
0.00758186
0.00370707
2.28606e-06
