0
0
0
0
0
0.0435626
0.45808
0.511646
0.494948
0.478747
0.464493
0.450862
0.43684
0.424338
0.411627
0.399519
0.386739
0.374819
0.362064
0.349883
0.338489
0.327171
0.316672
0.306593
0.29655
0.28698
0.277975
0.269113
0.26013
0.251374
0.243353
0.236118
0.229246
0.221998
0.214994
0.207951
0.201387
0.195157
0.18911
0.18394
0.178477
0.173633
0.169126
0.164558
0.160162
0.15624
0.152226
0.148544
0.144806
0.140752
0.137098
0.133
0.128181
0.121837
0.11411
0.106005
0.098006
0.0902284
0.0827873
0.0755076
0.0685364
0.0618245
0.0555699
0.0495152
0.0438418
0.038488
0.0333856
0.0285125
0.0239305
0.0194134
0.0151194
0.0109885
0.00710136
0.00340094
1.68337e-06
