0
0
0
0
0
0.0321882
0.284614
0.333557
0.324934
0.314096
0.304603
0.295865
0.287114
0.278826
0.270887
0.264781
0.258504
0.252871
0.247637
0.242414
0.237692
0.232691
0.22808
0.223378
0.218829
0.214163
0.209593
0.204987
0.200059
0.195102
0.19018
0.185149
0.180299
0.175446
0.170757
0.166265
0.162312
0.158129
0.154353
0.150756
0.147326
0.143749
0.140261
0.137089
0.134341
0.13119
0.12821
0.125699
0.123095
0.120212
0.117675
0.115097
0.112489
0.110117
0.107735
0.105383
0.103108
0.100263
0.0966017
0.0911183
0.0845964
0.0777005
0.0708397
0.0639499
0.0572592
0.0506173
0.0442676
0.0380553
0.0321095
0.0263265
0.0206652
0.0152132
0.00993542
0.00488244
1.99812e-06
