0
0
0
0
0
0.0285605
0.368715
0.442624
0.445321
0.43681
0.42497
0.412931
0.401845
0.390116
0.379827
0.370276
0.361118
0.352214
0.34423
0.336415
0.328359
0.319621
0.31143
0.303932
0.296904
0.289799
0.283049
0.276477
0.270177
0.26421
0.258289
0.253016
0.247923
0.242384
0.237071
0.232074
0.22723
0.22257
0.218059
0.213615
0.208853
0.20418
0.199441
0.194708
0.189736
0.184789
0.179635
0.174455
0.168458
0.161837
0.154097
0.145406
0.136999
0.128243
0.120029
0.111735
0.103865
0.0964662
0.0889502
0.0820383
0.0750847
0.068487
0.0619087
0.0555542
0.0495511
0.0438036
0.0381907
0.032715
0.0274664
0.0223424
0.0174945
0.0128203
0.00831701
0.00405345
2.0072e-06
