   5.4624000e+04
   5.2888000e+04
   5.2690000e+04
   6.0316000e+04
   6.1358000e+04
   6.4835000e+04
   6.4270000e+04
   6.7683000e+04
   7.2542000e+04
   8.2050000e+04
   8.3757000e+04
   9.3414000e+04
   9.8791000e+04
   1.0738400e+05
   1.0714500e+05
   1.1151500e+05
   1.1968000e+05
   1.4225000e+05
   1.3898600e+05
   1.3705700e+05
   1.5099200e+05
   1.4857800e+05
   1.5757800e+05
   1.4806500e+05
   1.6107600e+05
   1.6438400e+05
   1.5303400e+05
   1.6536200e+05
   1.5884000e+05
   1.7164700e+05
   1.6696000e+05
   1.6532700e+05
   1.5881400e+05
   1.4398700e+05
   1.4685700e+05
   1.4977500e+05
   1.3928900e+05
   1.3761200e+05
   1.3286800e+05
   1.3231900e+05
   1.2329500e+05
   1.3352200e+05
   1.1501400e+05
   1.1573100e+05
   1.1538500e+05
   1.0978100e+05
   9.2372000e+04
   8.7669000e+04
   8.8957000e+04
   8.5835000e+04
