  -1.0364628e+04
  -9.9154840e+03
  -9.4663400e+03
  -9.0171960e+03
  -8.5680520e+03
  -8.1189080e+03
  -7.6697640e+03
  -7.2206200e+03
  -6.7714760e+03
  -6.3223320e+03
  -5.8731880e+03
  -5.4240440e+03
  -4.9749000e+03
  -4.5257560e+03
  -4.0766120e+03
  -3.6274680e+03
  -3.1783240e+03
  -2.7291800e+03
  -2.2800360e+03
  -1.8308920e+03
  -1.3817480e+03
  -9.3260400e+02
  -4.8346000e+02
  -3.4316000e+01
   4.1482800e+02
   8.6397200e+02
   1.3131160e+03
   1.7622600e+03
   2.2114040e+03
   2.6605480e+03
   3.1096920e+03
   3.5588360e+03
   4.0079800e+03
   4.4571240e+03
   4.9062680e+03
   5.3554120e+03
   5.8045560e+03
   6.2537000e+03
   6.7028440e+03
   7.1519880e+03
   7.6011320e+03
   8.0502760e+03
   8.4994200e+03
   8.9485640e+03
   9.3977080e+03
   9.8468520e+03
   1.0295996e+04
   1.0745140e+04
   1.1194284e+04
   1.1643428e+04
