   8.2945000e+04
   8.6365000e+04
   8.5176000e+04
   8.0854000e+04
   8.0891000e+04
   7.9943000e+04
   8.1552000e+04
   8.2962000e+04
   8.2627000e+04
   8.0304000e+04
   9.3600000e+04
   1.0802700e+05
   1.3319100e+05
   1.3542100e+05
   1.4186700e+05
   1.4283000e+05
   1.5149000e+05
   1.4838000e+05
   1.4803000e+05
   1.6322600e+05
   1.6658200e+05
   1.7098900e+05
   1.7637200e+05
   1.6410200e+05
   1.3628000e+05
   1.3922100e+05
   1.3816100e+05
   1.4187900e+05
   1.4129000e+05
   1.3978000e+05
   1.3522200e+05
   1.3208100e+05
   1.2644800e+05
   1.0957900e+05
   1.1789500e+05
   1.0545000e+05
   1.0286100e+05
   1.0682400e+05
   1.0931100e+05
   1.2140200e+05
   1.2073500e+05
   1.3985000e+05
   1.3255500e+05
   1.4244200e+05
   1.4598800e+05
   1.5553000e+05
   1.5717200e+05
   2.8477000e+04
   0.0000000e+00
   1.0000000e+00
