0
0
0
0
0
0.0261091
1.18127
1.16864
1.03787
0.893401
0.768143
0.665086
0.580003
0.508848
0.451259
0.402385
0.360655
0.325947
0.295739
0.269781
0.246974
0.226503
0.209072
0.19347
0.17992
0.167261
0.156444
0.14689
0.138198
0.130386
0.123703
0.117432
0.112182
0.107234
0.102952
0.0989967
0.0955458
0.0924489
0.0897445
0.0873205
0.0850844
0.0833528
0.0816083
0.0802225
0.0789329
0.0778025
0.077055
0.0762577
0.0756873
0.0752014
0.0746972
0.0743191
0.0738595
0.0734226
0.0731008
0.0728056
0.0723422
0.0719397
0.0716346
0.071308
0.0710094
0.0706323
0.0704177
0.0701086
0.0698986
0.0697163
0.069551
0.0693691
0.0692735
0.0691527
0.0690623
0.0690449
0.0690292
0.0689024
0.068932
0.0689611
0.0688903
0.0689867
0.069022
0.0690475
0.0690917
0.0692779
0.0692529
0.0693896
0.0695324
0.0696837
0.0698282
0.0700654
0.0702409
0.0704133
0.0706471
0.0708747
0.071121
0.0712914
0.0715318
0.0717436
0.0718609
0.0721227
0.0723278
0.0725254
0.0727893
0.0729842
0.0731982
0.0733381
0.0735106
