   4.0801000e+04
   4.2144000e+04
   4.2321000e+04
   4.4044000e+04
   4.4622000e+04
   4.0554000e+04
   3.9862000e+04
   4.0992000e+04
   4.0149000e+04
   4.0742000e+04
   4.0069000e+04
   3.9874000e+04
   4.1559000e+04
   3.9993000e+04
   4.4131000e+04
   3.8831000e+04
   4.0255000e+04
   4.2372000e+04
   3.9189000e+04
   4.1115000e+04
   4.3882000e+04
   4.9718000e+04
   5.0450000e+04
   5.7577000e+04
   6.5655000e+04
   6.7536000e+04
   6.9851000e+04
   6.5570000e+04
   6.8301000e+04
   7.3566000e+04
   6.7968000e+04
   7.4862000e+04
   7.6299000e+04
   7.5191000e+04
   7.3979000e+04
   7.4401000e+04
   7.2545000e+04
   7.5485000e+04
   7.6394000e+04
   8.6832000e+04
   8.5918000e+04
   8.0664000e+04
   8.5007000e+04
   8.5982000e+04
   8.2163000e+04
   9.4209000e+04
   9.2711000e+04
   7.1391000e+04
   6.9027000e+04
   6.7253000e+04
   6.7101000e+04
   7.2120000e+04
   6.9006000e+04
   6.9155000e+04
   7.1335000e+04
   7.0544000e+04
   7.1178000e+04
   7.0112000e+04
   6.6469000e+04
   7.3311000e+04
   6.7005000e+04
   6.8217000e+04
   6.4952000e+04
   6.7129000e+04
   6.5362000e+04
   6.1086000e+04
   5.5711000e+04
   5.3868000e+04
   5.8213000e+04
   5.9682000e+04
   5.7511000e+04
   4.7939000e+04
   5.2711000e+04
   5.0150000e+04
   5.1063000e+04
   5.5761000e+04
   5.6709000e+04
   5.2602000e+04
   6.2700000e+04
   5.8702000e+04
   5.9778000e+04
   6.0957000e+04
   7.2561000e+04
   6.7289000e+04
   6.4692000e+04
   6.7863000e+04
   6.9787000e+04
   7.2655000e+04
   7.4958000e+04
   7.1030000e+04
   7.5281000e+04
   8.0249000e+04
   6.9319000e+04
   8.7853000e+04
   2.8477000e+04
   0.0000000e+00
   0.0000000e+00
   0.0000000e+00
   0.0000000e+00
   1.0000000e+00
