   2.8762000e+04
   2.5862000e+04
   2.2929000e+04
   2.9959000e+04
   2.3594000e+04
   2.9096000e+04
   2.8784000e+04
   3.1532000e+04
   2.9089000e+04
   3.2269000e+04
   3.2899000e+04
   3.1936000e+04
   2.6179000e+04
   3.8091000e+04
   3.1553000e+04
   3.6130000e+04
   3.3473000e+04
   3.9069000e+04
   4.0246000e+04
   4.1804000e+04
   4.0091000e+04
   4.3666000e+04
   4.4381000e+04
   4.9033000e+04
   4.8360000e+04
   5.0431000e+04
   5.1375000e+04
   5.6009000e+04
   5.2030000e+04
   5.5115000e+04
   5.2426000e+04
   5.9089000e+04
   6.0073000e+04
   5.9607000e+04
   7.3350000e+04
   6.8900000e+04
   6.6618000e+04
   7.2368000e+04
   6.5112000e+04
   7.1945000e+04
   7.5115000e+04
   7.5877000e+04
   7.3633000e+04
   7.4945000e+04
   8.0028000e+04
   7.7550000e+04
   7.5942000e+04
   7.2123000e+04
   8.2221000e+04
   7.8855000e+04
   7.9272000e+04
   8.5112000e+04
   7.6608000e+04
   7.6426000e+04
   8.3256000e+04
   8.2106000e+04
   8.0438000e+04
   7.8402000e+04
   8.5671000e+04
   8.5976000e+04
   8.1577000e+04
   8.5383000e+04
   8.4779000e+04
   8.0548000e+04
   8.4908000e+04
   7.3906000e+04
   7.3214000e+04
   7.0773000e+04
   7.4755000e+04
   7.2102000e+04
   7.5028000e+04
   7.4747000e+04
   6.2686000e+04
   7.6603000e+04
   6.6373000e+04
   7.1239000e+04
   6.8729000e+04
   6.4139000e+04
   6.1866000e+04
   7.0453000e+04
   6.0253000e+04
   6.3042000e+04
   6.7699000e+04
   6.5823000e+04
   5.6763000e+04
   5.8251000e+04
   5.9350000e+04
   5.6381000e+04
   6.2537000e+04
   5.2848000e+04
   5.9127000e+04
   5.0654000e+04
   4.4472000e+04
   4.7900000e+04
   4.4633000e+04
   4.3036000e+04
   4.4698000e+04
   4.4259000e+04
   4.2088000e+04
   4.3747000e+04
