0	0	-12001.4	-6007.66
0	0	-11977.4	-5995.65
0	0	-11953.4	-5983.63
0	0	-11929.4	-5971.62
0	0	-11905.4	-5959.6
0	0	-11881.4	-5947.59
0	0	-11857.4	-5935.57
0	0	-11833.4	-5923.56
0	0	-11809.4	-5911.54
0	0	-11785.4	-5899.53
0	0	-11761.4	-5887.51
0	0	-11737.4	-5875.5
0	0	-11713.4	-5863.48
0	0	-11689.5	-5851.47
0	0	-11665.5	-5839.45
0	0	-11641.5	-5827.44
0	0	-11617.5	-5815.42
0	0	-11593.5	-5803.41
0	0	-11569.5	-5791.39
0	0	-11545.5	-5779.38
0	0	-11521.5	-5767.36
0	0	-11497.5	-5755.35
0	0	-11473.5	-5743.33
0	0	-11449.5	-5731.32
0	0	-11425.5	-5719.3
0	0	-11401.5	-5707.29
0	0	-11377.5	-5695.27
0	0	-11353.5	-5683.26
0	0	-11329.6	-5671.24
0	0	-11305.6	-5659.23
0	0	-11281.6	-5647.21
0	0	-11257.6	-5635.2
0	0	-11233.6	-5623.18
0	0	-11209.6	-5611.17
0	0	-11185.6	-5599.15
0	0	-11161.6	-5587.14
0	0	-11137.6	-5575.12
0	0	-11113.6	-5563.1
0	0	-11089.6	-5551.09
0	0	-11065.6	-5539.07
0	0	-11041.6	-5527.06
0	0	-11017.6	-5515.04
0	0	-10993.7	-5503.03
0	0	-10969.7	-5491.01
0	0	-10945.7	-5479
0	0	-10921.7	-5466.98
0	0	-10897.7	-5454.97
0	0	-10873.7	-5442.95
0	0	-10849.7	-5430.94
0	0	-10825.7	-5418.92
0	0	-10801.7	-5406.91
0	0	-10777.7	-5394.89
0	0	-10753.7	-5382.88
0	0	-10729.7	-5370.86
0	0	-10705.7	-5358.85
0	0	-10681.7	-5346.83
0	0	-10657.7	-5334.82
0	0	-10633.8	-5322.8
0	0	-10609.8	-5310.79
0	0	-10585.8	-5298.77
0	0	-10561.8	-5286.76
0	0	-10537.8	-5274.74
0	0	-10513.8	-5262.73
0	0	-10489.8	-5250.71
0	0	-10465.8	-5238.7
0	0	-10441.8	-5226.68
0	0	-10417.8	-5214.67
0	0	-10393.8	-5202.65
0	0	-10369.8	-5190.64
0	0	-10345.8	-5178.62
0	0	-10321.8	-5166.61
0	0	-10297.8	-5154.59
0	0	-10273.9	-5142.58
0	0	-10249.9	-5130.56
0	0	-10225.9	-5118.55
0	0	-10201.9	-5106.53
0	0	-10177.9	-5094.52
0	0	-10153.9	-5082.5
0	0	-10129.9	-5070.48
0	0	-10105.9	-5058.47
0	0	-10081.9	-5046.45
0	0	-10057.9	-5034.44
0	0	-10033.9	-5022.42
0	0	-10009.9	-5010.41
0	0	-9985.94	-4998.39
0	0	-9961.94	-4986.38
0	0	-9937.95	-4974.36
0	0	-9913.96	-4962.35
0	0	-9889.96	-4950.33
0	0	-9865.97	-4938.32
0	0	-9841.98	-4926.3
0	0	-9817.98	-4914.29
0	0	-9793.99	-4902.27
0	0	-9770	-4890.26
0	0	-9746	-4878.24
0	0	-9722.01	-4866.23
0	0	-9698.02	-4854.21
0	0	-9674.02	-4842.2
0	0	-9650.03	-4830.18
0	0	-9626.04	-4818.17
0	0	-9602.04	-4806.15
0	0	-9578.05	-4794.14
0	0	-9554.06	-4782.12
0	0	-9530.07	-4770.11
0	0	-9506.07	-4758.09
0	0	-9482.08	-4746.08
0	0	-9458.09	-4734.06
0	0	-9434.09	-4722.05
0	0	-9410.1	-4710.03
0	0	-9386.11	-4698.02
0	0	-9362.11	-4686
0	0	-9338.12	-4673.99
0	0	-9314.13	-4661.97
0	0	-9290.13	-4649.96
0	0	-9266.14	-4637.94
0	0	-9242.15	-4625.93
0	0	-9218.15	-4613.91
0	0	-9194.16	-4601.89
0	0	-9170.17	-4589.88
0	0	-9146.17	-4577.86
0	0	-9122.18	-4565.85
0	0	-9098.19	-4553.83
0	0	-9074.19	-4541.82
0	0	-9050.2	-4529.8
0	0	-9026.21	-4517.79
0	0	-9002.21	-4505.77
0	0	-8978.22	-4493.76
0	0	-8954.23	-4481.74
0	0	-8930.23	-4469.73
0	0	-8906.24	-4457.71
0	0	-8882.25	-4445.7
0	0	-8858.26	-4433.68
0	0	-8834.26	-4421.67
0	0	-8810.27	-4409.65
0	0	-8786.28	-4397.64
0	0	-8762.28	-4385.62
0	0	-8738.29	-4373.61
0	0	-8714.3	-4361.59
0	0	-8690.3	-4349.58
0	0	-8666.31	-4337.56
0	0	-8642.32	-4325.55
0	0	-8618.32	-4313.53
0	0	-8594.33	-4301.52
0	0	-8570.34	-4289.5
0	0	-8546.34	-4277.49
0	0	-8522.35	-4265.47
0	0	-8498.36	-4253.46
0	0	-8474.36	-4241.44
0	0	-8450.37	-4229.43
0	0	-8426.38	-4217.41
0	0	-8402.38	-4205.4
0	0	-8378.39	-4193.38
0	0	-8354.4	-4181.37
0	0	-8330.4	-4169.35
0	0	-8306.41	-4157.34
0	0	-8282.42	-4145.32
0	0	-8258.42	-4133.3
0	0	-8234.43	-4121.29
0	0	-8210.44	-4109.27
0	0	-8186.45	-4097.26
0	0	-8162.45	-4085.24
0	0	-8138.46	-4073.23
0	0	-8114.47	-4061.21
0	0	-8090.47	-4049.2
0	0	-8066.48	-4037.18
0	0	-8042.49	-4025.17
0	0	-8018.49	-4013.15
0	0	-7994.5	-4001.14
0	0	-7970.51	-3989.12
0	0	-7946.51	-3977.11
0	0	-7922.52	-3965.09
0	0	-7898.53	-3953.08
0	0	-7874.53	-3941.06
0	0	-7850.54	-3929.05
0	0	-7826.55	-3917.03
0	0	-7802.55	-3905.02
0	0	-7778.56	-3893
0	0	-7754.57	-3880.99
0	0	-7730.57	-3868.97
0	0	-7706.58	-3856.96
0	0	-7682.59	-3844.94
0	0	-7658.59	-3832.93
0	0	-7634.6	-3820.91
0	0	-7610.61	-3808.9
0	0	-7586.61	-3796.88
0	0	-7562.62	-3784.87
0	0	-7538.63	-3772.85
0	0	-7514.64	-3760.84
0	0	-7490.64	-3748.82
0	0	-7466.65	-3736.81
0	0	-7442.66	-3724.79
0	0	-7418.66	-3712.78
0	0	-7394.67	-3700.76
0	0	-7370.68	-3688.75
0	0	-7346.68	-3676.73
0	0	-7322.69	-3664.71
0	0	-7298.7	-3652.7
0	0	-7274.7	-3640.68
0	0	-7250.71	-3628.67
0	0	-7226.72	-3616.65
0	0	-7202.72	-3604.64
0	0	-7178.73	-3592.62
0	0	-7154.74	-3580.61
0	0	-7130.74	-3568.59
0	0	-7106.75	-3556.58
0	0	-7082.76	-3544.56
0	0	-7058.76	-3532.55
0	0	-7034.77	-3520.53
0	0	-7010.78	-3508.52
0	0	-6986.78	-3496.5
0	0	-6962.79	-3484.49
0	0	-6938.8	-3472.47
0	0	-6914.8	-3460.46
0	0	-6890.81	-3448.44
0	0	-6866.82	-3436.43
0	0	-6842.83	-3424.41
0	0	-6818.83	-3412.4
0	0	-6794.84	-3400.38
0	0	-6770.85	-3388.37
0	0	-6746.85	-3376.35
0	0	-6722.86	-3364.34
0	0	-6698.87	-3352.32
0	0	-6674.87	-3340.31
0	0	-6650.88	-3328.29
0	0	-6626.89	-3316.28
0	0	-6602.89	-3304.26
0	0	-6578.9	-3292.25
0	0	-6554.91	-3280.23
0	0	-6530.91	-3268.22
0	0	-6506.92	-3256.2
0	0	-6482.93	-3244.19
0	0	-6458.93	-3232.17
0	0	-6434.94	-3220.16
0	0	-6410.95	-3208.14
0	0	-6386.95	-3196.13
0	0	-6362.96	-3184.11
0	0	-6338.97	-3172.09
0	0	-6314.97	-3160.08
0	0	-6290.98	-3148.06
0	0	-6266.99	-3136.05
0	0	-6242.99	-3124.03
0	0	-6219	-3112.02
0	0	-6195.01	-3100
0	0	-6171.02	-3087.99
0	0	-6147.02	-3075.97
0	0	-6123.03	-3063.96
0	0	-6099.04	-3051.94
0	0	-6075.04	-3039.93
0	0	-6051.05	-3027.91
0	0	-6027.06	-3015.9
0	0	-6003.06	-3003.88
0	0	-5979.07	-2991.87
0	0	-5955.08	-2979.85
0	0	-5931.08	-2967.84
0	0	-5907.09	-2955.82
0	0	-5883.1	-2943.81
0	0	-5859.1	-2931.79
0	0	-5835.11	-2919.78
0	0	-5811.12	-2907.76
0	0	-5787.12	-2895.75
0	0	-5763.13	-2883.73
0	0	-5739.14	-2871.72
0	0	-5715.14	-2859.7
0	0	-5691.15	-2847.69
0	0	-5667.16	-2835.67
0	0	-5643.16	-2823.66
0	0	-5619.17	-2811.64
0	0	-5595.18	-2799.63
0	0	-5571.18	-2787.61
0	0	-5547.19	-2775.6
0	0	-5523.2	-2763.58
0	0	-5499.21	-2751.57
0	0	-5475.21	-2739.55
0	0	-5451.22	-2727.54
0	0	-5427.23	-2715.52
0	0	-5403.23	-2703.5
0	0	-5379.24	-2691.49
0	0	-5355.25	-2679.47
0	0	-5331.25	-2667.46
0	0	-5307.26	-2655.44
0	0	-5283.27	-2643.43
0	0	-5259.27	-2631.41
0	0	-5235.28	-2619.4
0	0	-5211.29	-2607.38
0	0	-5187.29	-2595.37
0	0	-5163.3	-2583.35
0	0	-5139.31	-2571.34
0	0	-5115.31	-2559.32
0	0	-5091.32	-2547.31
0	0	-5067.33	-2535.29
0	0	-5043.33	-2523.28
0	0	-5019.34	-2511.26
0	0	-4995.35	-2499.25
0	0	-4971.35	-2487.23
0	0	-4947.36	-2475.22
0	0	-4923.37	-2463.2
0	0	-4899.37	-2451.19
0	0	-4875.38	-2439.17
0	0	-4851.39	-2427.16
0	0	-4827.4	-2415.14
0	0	-4803.4	-2403.13
0	0	-4779.41	-2391.11
0	0	-4755.42	-2379.1
0	0	-4731.42	-2367.08
0	0	-4707.43	-2355.07
0	0	-4683.44	-2343.05
0	0	-4659.44	-2331.04
0	0	-4635.45	-2319.02
0	0	-4611.46	-2307.01
0	0	-4587.46	-2294.99
0	0	-4563.47	-2282.98
0	0	-4539.48	-2270.96
0	0	-4515.48	-2258.95
0	0	-4491.49	-2246.93
0	0	-4467.5	-2234.91
0	0	-4443.5	-2222.9
0	0	-4419.51	-2210.88
0	0	-4395.52	-2198.87
0	0	-4371.52	-2186.85
0	0	-4347.53	-2174.84
0	0	-4323.54	-2162.82
0	0	-4299.54	-2150.81
0	0	-4275.55	-2138.79
0	0	-4251.56	-2126.78
0	0	-4227.56	-2114.76
0	0	-4203.57	-2102.75
0	0	-4179.58	-2090.73
0	0	-4155.59	-2078.72
0	0	-4131.59	-2066.7
0	0	-4107.6	-2054.69
0	0	-4083.61	-2042.67
0	0	-4059.61	-2030.66
0	0	-4035.62	-2018.64
0	0	-4011.63	-2006.63
0	0	-3987.63	-1994.61
0	0	-3963.64	-1982.6
0	0	-3939.65	-1970.58
0	0	-3915.65	-1958.57
0	0	-3891.66	-1946.55
0	0	-3867.67	-1934.54
0	0	-3843.67	-1922.52
0	0	-3819.68	-1910.51
0	0	-3795.69	-1898.49
0	0	-3771.69	-1886.48
0	0	-3747.7	-1874.46
0	0	-3723.71	-1862.45
0	0	-3699.71	-1850.43
0	0	-3675.72	-1838.42
0	0	-3651.73	-1826.4
0	0	-3627.73	-1814.39
0	0	-3603.74	-1802.37
0	0	-3579.75	-1790.36
0	0	-3555.75	-1778.34
0	0	-3531.76	-1766.32
0	0	-3507.77	-1754.31
0	0	-3483.78	-1742.29
0	0	-3459.78	-1730.28
0	0	-3435.79	-1718.26
0	0	-3411.8	-1706.25
0	0	-3387.8	-1694.23
0	0	-3363.81	-1682.22
0	0	-3339.82	-1670.2
0	0	-3315.82	-1658.19
0	0	-3291.83	-1646.17
0	0	-3267.84	-1634.16
0	0	-3243.84	-1622.14
0	0	-3219.85	-1610.13
0	0	-3195.86	-1598.11
0	0	-3171.86	-1586.1
0	0	-3147.87	-1574.08
0	0	-3123.88	-1562.07
0	0	-3099.88	-1550.05
1.63318e-06	0	-3075.89	-1538.04
2.16445e-07	0	-3051.9	-1526.02
0	0	-3027.9	-1514.01
0	0	-3003.91	-1501.99
0	0	-2979.92	-1489.98
2.10542e-06	0	-2955.92	-1477.96
0	0	-2931.93	-1465.95
1.07239e-05	0	-2907.94	-1453.93
4.97824e-06	0	-2883.94	-1441.92
0	0	-2859.95	-1429.9
6.82787e-06	0	-2835.96	-1417.89
0	0	-2811.97	-1405.87
5.84402e-06	0	-2787.97	-1393.86
3.34506e-07	0	-2763.98	-1381.84
6.51304e-06	0	-2739.99	-1369.83
1.14322e-05	0	-2715.99	-1357.81
3.60086e-06	0	-2692	-1345.8
7.10334e-06	0	-2668.01	-1333.78
8.44137e-06	0	-2644.01	-1321.77
1.06452e-05	0	-2620.02	-1309.75
1.94801e-06	0	-2596.03	-1297.74
1.18258e-05	0	-2572.03	-1285.72
1.44625e-05	0	-2548.04	-1273.7
5.76532e-06	0	-2524.05	-1261.69
9.62198e-06	0	-2500.05	-1249.67
8.28395e-06	0	-2476.06	-1237.66
1.44625e-05	0	-2452.07	-1225.64
1.39902e-05	0	-2428.07	-1213.63
6.59174e-06	0	-2404.08	-1201.61
2.00901e-05	0	-2380.09	-1189.6
9.38586e-06	0	-2356.09	-1177.58
1.83191e-05	0	-2332.1	-1165.57
7.61494e-06	0	-2308.11	-1153.55
2.09952e-05	0	-2284.11	-1141.54
1.78863e-05	0	-2260.12	-1129.52
8.67749e-06	0	-2236.13	-1117.51
2.22152e-05	0	-2212.13	-1105.49
1.28096e-05	0	-2188.14	-1093.48
2.52847e-05	0	-2164.15	-1081.46
1.21406e-05	0	-2140.16	-1069.45
2.41435e-05	0	-2116.16	-1057.43
2.16249e-05	0	-2092.17	-1045.42
1.76895e-05	0	-2068.18	-1033.4
2.26087e-05	0	-2044.18	-1021.39
1.80043e-05	0	-2020.19	-1009.37
2.22939e-05	0	-1996.2	-997.357
2.72524e-05	0	-1972.2	-985.342
1.39902e-05	0	-1948.21	-973.327
2.53241e-05	0	-1924.22	-961.311
2.17036e-05	0	-1900.22	-949.296
2.5088e-05	0	-1876.23	-937.281
2.20184e-05	0	-1852.24	-925.266
2.74098e-05	0	-1828.24	-913.251
3.25258e-05	0	-1804.25	-901.236
2.04049e-05	0	-1780.26	-889.221
3.18962e-05	0	-1756.26	-877.206
2.22152e-05	0	-1732.27	-865.19
3.52806e-05	0	-1708.28	-853.175
2.18216e-05	0	-1684.28	-841.16
3.30374e-05	0	-1660.29	-829.145
3.31161e-05	0	-1636.3	-817.13
2.71344e-05	0	-1612.3	-805.115
3.03614e-05	0	-1588.31	-793.1
3.11484e-05	0	-1564.32	-781.085
3.72876e-05	0	-1540.32	-769.069
2.09952e-05	0	-1516.33	-757.054
3.43361e-05	0	-1492.34	-745.039
3.18568e-05	0	-1468.35	-733.024
2.60718e-05	0	-1444.35	-721.009
3.51625e-05	0	-1420.36	-708.994
3.17388e-05	0	-1396.37	-696.979
3.52019e-05	0	-1372.37	-684.964
3.52412e-05	0	-1348.38	-672.948
2.60325e-05	0	-1324.39	-660.933
4.323e-05	0	-1300.39	-648.918
3.46116e-05	0	-1276.4	-636.903
3.77205e-05	0	-1252.41	-624.888
3.02433e-05	0	-1228.41	-612.873
3.8114e-05	0	-1204.42	-600.858
3.84289e-05	0	-1180.43	-588.843
2.8433e-05	0	-1156.43	-576.827
3.96882e-05	0	-1132.44	-564.812
2.94169e-05	0	-1108.45	-552.797
3.90585e-05	0	-1084.45	-540.782
2.74098e-05	0	-1060.46	-528.767
4.0554e-05	0	-1036.47	-516.752
3.71302e-05	0	-1012.47	-504.737
3.27226e-05	0	-988.481	-492.722
3.7327e-05	0	-964.488	-480.706
3.19355e-05	0	-940.495	-468.691
3.85076e-05	0	-916.501	-456.676
4.55519e-05	0	-892.508	-444.661
3.10697e-05	0	-868.515	-432.646
4.02391e-05	0	-844.522	-420.631
3.19749e-05	0	-820.528	-408.616
4.03572e-05	0	-796.535	-396.601
3.21323e-05	0	-772.542	-384.585
4.17346e-05	0	-748.549	-372.57
4.40565e-05	0	-724.556	-360.555
3.42967e-05	0	-700.562	-348.54
4.15772e-05	0	-676.569	-336.525
3.83108e-05	0	-652.576	-324.51
4.50009e-05	0	-628.583	-312.495
2.96924e-05	0	-604.59	-300.48
4.18133e-05	0	-580.596	-288.464
4.25217e-05	0	-556.603	-276.449
3.53593e-05	0	-532.61	-264.434
4.02391e-05	0	-508.617	-252.419
3.48083e-05	0	-484.623	-240.404
4.57487e-05	0	-460.63	-228.389
3.16207e-05	0	-436.637	-216.374
4.77951e-05	0	-412.644	-204.359
4.69293e-05	0	-388.651	-192.343
4.19314e-05	0	-364.657	-180.328
4.24823e-05	0	-340.664	-168.313
4.04359e-05	0	-316.671	-156.298
4.60635e-05	0	-292.678	-144.283
5.09434e-05	0	-268.685	-132.268
3.83895e-05	0	-244.691	-120.253
5.18091e-05	0	-220.698	-108.238
4.48435e-05	0	-196.705	-96.2224
5.48394e-05	0	-172.712	-84.2073
4.8897e-05	0	-148.718	-72.1921
6.17263e-05	0	-124.725	-60.177
7.06596e-05	0	-100.732	-48.1619
6.92035e-05	0	-76.7388	-36.1468
9.86007e-05	0	-52.7456	-24.1316
0.000136852	0	-28.7524	-12.1165
0.000308789	0	-4.75919	-0.101372
0.000666435	0	19.234	11.9138
0.00153674	0	43.2272	23.9289
0.00249331	0	67.2204	35.944
0.00299338	0	91.2137	47.9591
0.00331242	0	115.207	59.9743
0.00315339	0	139.2	71.9894
0.00315512	0	163.193	84.0045
0.00268984	0	187.187	96.0196
0.00270763	0	211.18	108.035
0.00233889	6.43609e-06	235.173	120.05
0.0019361	0	259.166	132.065
0.00175039	0	283.159	144.08
0.00142872	3.19271e-06	307.153	156.095
0.00124312	7.48512e-05	331.146	168.11
0.000908775	6.12695e-05	355.139	180.126
0.00049871	0.000127151	379.132	192.141
0.000309773	0.000242595	403.125	204.156
0.000164794	0.000262461	427.119	216.171
0.000120639	0.000379223	451.112	228.186
8.29379e-05	0.000416521	475.105	240.201
8.37643e-05	0.000745015	499.098	252.216
7.40046e-05	0.000780591	523.092	264.231
5.99947e-05	0.000950159	547.085	276.247
6.62519e-05	0.00136724	571.078	288.262
5.48394e-05	0.00136927	595.071	300.277
6.1923e-05	0.00159975	619.064	312.292
4.92118e-05	0.00210146	643.058	324.307
5.89322e-05	0.00192054	667.051	336.322
6.14508e-05	0.00235627	691.044	348.337
4.94479e-05	0.002538	715.037	360.352
5.12975e-05	0.00321597	739.03	372.368
4.34662e-05	0.0030392	763.024	384.383
5.45639e-05	0.00324789	787.017	396.398
5.18878e-05	0.00386343	811.01	408.413
4.21281e-05	0.00361946	835.003	420.428
5.06285e-05	0.00353199	858.997	432.443
4.0672e-05	0.00384721	882.99	444.458
4.49616e-05	0.00449538	906.983	456.473
4.03966e-05	0.00390032	930.976	468.489
5.40523e-05	0.00384447	954.969	480.504
5.12975e-05	0.00412067	978.963	492.519
3.60677e-05	0.00346733	1002.96	504.534
4.81099e-05	0.00332361	1026.95	516.549
3.57135e-05	0.00282798	1050.94	528.564
4.29546e-05	0.00320715	1074.94	540.579
3.0322e-05	0.00244637	1098.93	552.594
4.74802e-05	0.00211159	1122.92	564.61
4.567e-05	0.00203953	1146.92	576.625
3.29981e-05	0.00145552	1170.91	588.64
4.00817e-05	0.00117223	1194.9	600.655
3.77992e-05	0.00107402	1218.89	612.67
5.00382e-05	0.00060555	1242.89	624.685
3.27226e-05	0.000533283	1266.88	636.7
4.71654e-05	0.000343545	1290.87	648.715
4.20888e-05	0.000293982	1314.87	660.731
3.41393e-05	0.000149449	1338.86	672.746
3.87044e-05	7.19119e-05	1362.85	684.761
3.62251e-05	7.73851e-05	1386.85	696.776
4.323e-05	0	1410.84	708.791
4.58667e-05	0	1434.83	720.806
3.55167e-05	0	1458.83	732.821
4.66538e-05	0	1482.82	744.836
3.91372e-05	0	1506.81	756.852
4.60635e-05	0	1530.81	768.867
3.50445e-05	0	1554.8	780.882
4.13017e-05	0	1578.79	792.897
4.12623e-05	0	1602.79	804.912
2.85117e-05	0	1626.78	816.927
3.87044e-05	0	1650.77	828.942
3.32342e-05	0	1674.77	840.957
4.44106e-05	0	1698.76	852.973
3.13059e-05	0	1722.75	864.988
4.58274e-05	0	1746.75	877.003
4.28758e-05	0	1770.74	889.018
3.30374e-05	0	1794.73	901.033
3.9216e-05	0	1818.73	913.048
3.166e-05	0	1842.72	925.063
4.1892e-05	0	1866.71	937.079
4.30726e-05	0	1890.7	949.094
2.83937e-05	0	1914.7	961.109
3.8665e-05	0	1938.69	973.124
3.54774e-05	0	1962.68	985.139
3.18962e-05	0	1986.68	997.154
3.37458e-05	0	2010.67	1009.17
4.14985e-05	0	2034.66	1021.18
3.77992e-05	0	2058.66	1033.2
2.86298e-05	0	2082.65	1045.21
3.50051e-05	0	2106.64	1057.23
3.06762e-05	0	2130.64	1069.24
3.83895e-05	0	2154.63	1081.26
2.7764e-05	0	2178.62	1093.28
4.01211e-05	0	2202.62	1105.29
3.38245e-05	0	2226.61	1117.31
2.86298e-05	0	2250.6	1129.32
3.02827e-05	0	2274.6	1141.34
2.98104e-05	0	2298.59	1153.35
3.16994e-05	0	2322.58	1165.37
2.20577e-05	0	2346.58	1177.38
3.49264e-05	0	2370.57	1189.4
3.29587e-05	0	2394.56	1201.41
2.63079e-05	0	2418.56	1213.43
2.91414e-05	0	2442.55	1225.44
2.95743e-05	0	2466.54	1237.46
3.37851e-05	0	2490.54	1249.47
2.88659e-05	0	2514.53	1261.49
1.8083e-05	0	2538.52	1273.5
3.04401e-05	0	2562.51	1285.52
2.75279e-05	0	2586.51	1297.53
3.0873e-05	0	2610.5	1309.55
2.00114e-05	0	2634.49	1321.56
2.67802e-05	0	2658.49	1333.58
2.82363e-05	0	2682.48	1345.59
2.12707e-05	0	2706.47	1357.61
2.78427e-05	0	2730.47	1369.62
2.03262e-05	0	2754.46	1381.64
2.58751e-05	0	2778.45	1393.65
1.49347e-05	0	2802.45	1405.67
2.52454e-05	0	2826.44	1417.68
2.48125e-05	0	2850.43	1429.7
1.76501e-05	0	2874.43	1441.71
1.89488e-05	0	2898.42	1453.73
1.2967e-05	0	2922.41	1465.74
2.38287e-05	0	2946.41	1477.76
2.06017e-05	0	2970.4	1489.77
1.46199e-05	0	2994.39	1501.79
1.92243e-05	0	3018.39	1513.8
1.24554e-05	0	3042.38	1525.82
1.98933e-05	0	3066.37	1537.83
1.53676e-05	0	3090.37	1549.85
1.85553e-05	0	3114.36	1561.87
2.07197e-05	0	3138.35	1573.88
8.99232e-06	0	3162.35	1585.9
1.72566e-05	0	3186.34	1597.91
1.0291e-05	0	3210.33	1609.93
1.49741e-05	0	3234.32	1621.94
8.79555e-06	0	3258.32	1633.96
1.62334e-05	0	3282.31	1645.97
1.41477e-05	0	3306.3	1657.99
3.9944e-06	0	3330.3	1670
1.65876e-05	0	3354.29	1682.02
7.77235e-06	0	3378.28	1694.03
1.70992e-05	0	3402.28	1706.05
2.49896e-06	0	3426.27	1718.06
1.17864e-05	0	3450.26	1730.08
4.23052e-06	0	3474.26	1742.09
3.4828e-06	0	3498.25	1754.11
5.13566e-06	0	3522.24	1766.12
1.3577e-06	0	3546.24	1778.14
1.2298e-05	0	3570.23	1790.15
7.65429e-06	0	3594.22	1802.17
0	0	3618.22	1814.18
7.77235e-06	0	3642.21	1826.2
0	0	3666.2	1838.21
0	0	3690.2	1850.23
0	0	3714.19	1862.24
6.82787e-06	0	3738.18	1874.26
7.28043e-07	0	3762.18	1886.27
0	0	3786.17	1898.29
4.91921e-07	0	3810.16	1910.3
0	0	3834.16	1922.32
0	0	3858.15	1934.33
0	0	3882.14	1946.35
0	0	3906.13	1958.36
0	0	3930.13	1970.38
0	0	3954.12	1982.39
0	0	3978.11	1994.41
0	0	4002.11	2006.42
0	0	4026.1	2018.44
0	0	4050.09	2030.46
0	0	4074.09	2042.47
0	0	4098.08	2054.49
0	0	4122.07	2066.5
0	0	4146.07	2078.52
0	0	4170.06	2090.53
0	0	4194.05	2102.55
0	0	4218.05	2114.56
0	0	4242.04	2126.58
0	0	4266.03	2138.59
0	0	4290.03	2150.61
0	0	4314.02	2162.62
0	0	4338.01	2174.64
0	0	4362.01	2186.65
0	0	4386	2198.67
0	0	4409.99	2210.68
0	0	4433.99	2222.7
0	0	4457.98	2234.71
0	0	4481.97	2246.73
0	0	4505.97	2258.74
0	0	4529.96	2270.76
0	0	4553.95	2282.77
0	0	4577.94	2294.79
0	0	4601.94	2306.8
0	0	4625.93	2318.82
0	0	4649.92	2330.83
0	0	4673.92	2342.85
0	0	4697.91	2354.86
0	0	4721.9	2366.88
0	0	4745.9	2378.89
0	0	4769.89	2390.91
0	0	4793.88	2402.92
0	0	4817.88	2414.94
0	0	4841.87	2426.95
0	0	4865.86	2438.97
0	0	4889.86	2450.98
0	0	4913.85	2463
0	0	4937.84	2475.01
0	0	4961.84	2487.03
0	0	4985.83	2499.04
0	0	5009.82	2511.06
0	0	5033.82	2523.08
0	0	5057.81	2535.09
0	0	5081.8	2547.11
0	0	5105.8	2559.12
0	0	5129.79	2571.14
0	0	5153.78	2583.15
0	0	5177.78	2595.17
0	0	5201.77	2607.18
0	0	5225.76	2619.2
0	0	5249.75	2631.21
0	0	5273.75	2643.23
0	0	5297.74	2655.24
0	0	5321.73	2667.26
0	0	5345.73	2679.27
0	0	5369.72	2691.29
0	0	5393.71	2703.3
0	0	5417.71	2715.32
0	0	5441.7	2727.33
0	0	5465.69	2739.35
0	0	5489.69	2751.36
0	0	5513.68	2763.38
0	0	5537.67	2775.39
0	0	5561.67	2787.41
0	0	5585.66	2799.42
0	0	5609.65	2811.44
0	0	5633.65	2823.45
0	0	5657.64	2835.47
0	0	5681.63	2847.48
0	0	5705.63	2859.5
0	0	5729.62	2871.51
0	0	5753.61	2883.53
0	0	5777.61	2895.54
0	0	5801.6	2907.56
0	0	5825.59	2919.57
0	0	5849.59	2931.59
0	0	5873.58	2943.6
0	0	5897.57	2955.62
0	0	5921.56	2967.63
0	0	5945.56	2979.65
0	0	5969.55	2991.67
0	0	5993.54	3003.68
0	0	6017.54	3015.7
0	0	6041.53	3027.71
0	0	6065.52	3039.73
0	0	6089.52	3051.74
0	0	6113.51	3063.76
0	0	6137.5	3075.77
0	0	6161.5	3087.79
0	0	6185.49	3099.8
0	0	6209.48	3111.82
0	0	6233.48	3123.83
0	0	6257.47	3135.85
0	0	6281.46	3147.86
0	0	6305.46	3159.88
0	0	6329.45	3171.89
0	0	6353.44	3183.91
0	0	6377.44	3195.92
0	0	6401.43	3207.94
0	0	6425.42	3219.95
0	0	6449.42	3231.97
0	0	6473.41	3243.98
0	0	6497.4	3256
0	0	6521.4	3268.01
0	0	6545.39	3280.03
0	0	6569.38	3292.04
0	0	6593.37	3304.06
0	0	6617.37	3316.07
0	0	6641.36	3328.09
0	0	6665.35	3340.1
0	0	6689.35	3352.12
0	0	6713.34	3364.13
0	0	6737.33	3376.15
0	0	6761.33	3388.16
0	0	6785.32	3400.18
0	0	6809.31	3412.19
0	0	6833.31	3424.21
0	0	6857.3	3436.22
0	0	6881.29	3448.24
0	0	6905.29	3460.26
0	0	6929.28	3472.27
0	0	6953.27	3484.29
0	0	6977.27	3496.3
0	0	7001.26	3508.32
0	0	7025.25	3520.33
0	0	7049.25	3532.35
0	0	7073.24	3544.36
0	0	7097.23	3556.38
0	0	7121.23	3568.39
0	0	7145.22	3580.41
0	0	7169.21	3592.42
0	0	7193.21	3604.44
0	0	7217.2	3616.45
0	0	7241.19	3628.47
0	0	7265.18	3640.48
0	0	7289.18	3652.5
0	0	7313.17	3664.51
0	0	7337.16	3676.53
0	0	7361.16	3688.54
0	0	7385.15	3700.56
0	0	7409.14	3712.57
0	0	7433.14	3724.59
0	0	7457.13	3736.6
0	0	7481.12	3748.62
0	0	7505.12	3760.63
0	0	7529.11	3772.65
0	0	7553.1	3784.66
0	0	7577.1	3796.68
0	0	7601.09	3808.69
0	0	7625.08	3820.71
0	0	7649.08	3832.72
0	0	7673.07	3844.74
0	0	7697.06	3856.75
0	0	7721.06	3868.77
0	0	7745.05	3880.78
0	0	7769.04	3892.8
0	0	7793.04	3904.81
0	0	7817.03	3916.83
0	0	7841.02	3928.85
0	0	7865.01	3940.86
0	0	7889.01	3952.88
0	0	7913	3964.89
0	0	7936.99	3976.91
0	0	7960.99	3988.92
0	0	7984.98	4000.94
0	0	8008.97	4012.95
0	0	8032.97	4024.97
0	0	8056.96	4036.98
0	0	8080.95	4049
0	0	8104.95	4061.01
0	0	8128.94	4073.03
0	0	8152.93	4085.04
0	0	8176.93	4097.06
0	0	8200.92	4109.07
0	0	8224.91	4121.09
0	0	8248.91	4133.1
0	0	8272.9	4145.12
0	0	8296.89	4157.13
0	0	8320.89	4169.15
0	0	8344.88	4181.16
0	0	8368.87	4193.18
0	0	8392.87	4205.19
0	0	8416.86	4217.21
0	0	8440.85	4229.22
0	0	8464.85	4241.24
0	0	8488.84	4253.25
0	0	8512.83	4265.27
0	0	8536.82	4277.28
0	0	8560.82	4289.3
0	0	8584.81	4301.31
0	0	8608.8	4313.33
0	0	8632.8	4325.34
0	0	8656.79	4337.36
0	0	8680.78	4349.37
0	0	8704.78	4361.39
0	0	8728.77	4373.4
0	0	8752.76	4385.42
0	0	8776.76	4397.43
0	0	8800.75	4409.45
0	0	8824.74	4421.47
0	0	8848.74	4433.48
0	0	8872.73	4445.5
0	0	8896.72	4457.51
0	0	8920.72	4469.53
0	0	8944.71	4481.54
0	0	8968.7	4493.56
0	0	8992.7	4505.57
0	0	9016.69	4517.59
0	0	9040.68	4529.6
0	0	9064.68	4541.62
0	0	9088.67	4553.63
0	0	9112.66	4565.65
0	0	9136.66	4577.66
0	0	9160.65	4589.68
0	0	9184.64	4601.69
0	0	9208.63	4613.71
0	0	9232.63	4625.72
0	0	9256.62	4637.74
0	0	9280.61	4649.75
0	0	9304.61	4661.77
0	0	9328.6	4673.78
0	0	9352.59	4685.8
0	0	9376.59	4697.81
0	0	9400.58	4709.83
0	0	9424.57	4721.84
0	0	9448.57	4733.86
0	0	9472.56	4745.87
0	0	9496.55	4757.89
0	0	9520.55	4769.9
0	0	9544.54	4781.92
0	0	9568.53	4793.93
0	0	9592.53	4805.95
0	0	9616.52	4817.96
0	0	9640.51	4829.98
0	0	9664.51	4841.99
0	0	9688.5	4854.01
0	0	9712.49	4866.02
0	0	9736.49	4878.04
0	0	9760.48	4890.06
0	0	9784.47	4902.07
0	0	9808.47	4914.09
0	0	9832.46	4926.1
0	0	9856.45	4938.12
0	0	9880.44	4950.13
0	0	9904.44	4962.15
0	0	9928.43	4974.16
0	0	9952.42	4986.18
0	0	9976.42	4998.19
0	0	10000.4	5010.21
0	0	10024.4	5022.22
0	0	10048.4	5034.24
0	0	10072.4	5046.25
0	0	10096.4	5058.27
0	0	10120.4	5070.28
0	0	10144.4	5082.3
0	0	10168.4	5094.31
0	0	10192.4	5106.33
0	0	10216.3	5118.34
0	0	10240.3	5130.36
0	0	10264.3	5142.37
0	0	10288.3	5154.39
0	0	10312.3	5166.4
0	0	10336.3	5178.42
0	0	10360.3	5190.43
0	0	10384.3	5202.45
0	0	10408.3	5214.46
0	0	10432.3	5226.48
0	0	10456.3	5238.49
0	0	10480.3	5250.51
0	0	10504.3	5262.52
0	0	10528.3	5274.54
0	0	10552.3	5286.55
0	0	10576.2	5298.57
0	0	10600.2	5310.58
0	0	10624.2	5322.6
0	0	10648.2	5334.61
0	0	10672.2	5346.63
0	0	10696.2	5358.65
0	0	10720.2	5370.66
0	0	10744.2	5382.68
0	0	10768.2	5394.69
0	0	10792.2	5406.71
0	0	10816.2	5418.72
0	0	10840.2	5430.74
0	0	10864.2	5442.75
0	0	10888.2	5454.77
0	0	10912.2	5466.78
0	0	10936.1	5478.8
0	0	10960.1	5490.81
0	0	10984.1	5502.83
0	0	11008.1	5514.84
0	0	11032.1	5526.86
0	0	11056.1	5538.87
0	0	11080.1	5550.89
0	0	11104.1	5562.9
0	0	11128.1	5574.92
0	0	11152.1	5586.93
0	0	11176.1	5598.95
0	0	11200.1	5610.96
0	0	11224.1	5622.98
0	0	11248.1	5634.99
0	0	11272.1	5647.01
0	0	11296	5659.02
0	0	11320	5671.04
0	0	11344	5683.05
0	0	11368	5695.07
0	0	11392	5707.08
0	0	11416	5719.1
0	0	11440	5731.11
0	0	11464	5743.13
0	0	11488	5755.14
0	0	11512	5767.16
0	0	11536	5779.17
0	0	11560	5791.19
0	0	11584	5803.2
0	0	11608	5815.22
0	0	11631.9	5827.24
0	0	11655.9	5839.25
0	0	11679.9	5851.27
0	0	11703.9	5863.28
0	0	11727.9	5875.3
0	0	11751.9	5887.31
0	0	11775.9	5899.33
0	0	11799.9	5911.34
0	0	11823.9	5923.36
0	0	11847.9	5935.37
0	0	11871.9	5947.39
0	0	11895.9	5959.4
0	0	11919.9	5971.42
0	0	11943.9	5983.43
0	0	11967.9	5995.45
