  -6.0076600e-03
  -5.9956500e-03
  -5.9836300e-03
  -5.9716200e-03
  -5.9596000e-03
  -5.9475900e-03
  -5.9355700e-03
  -5.9235600e-03
  -5.9115400e-03
  -5.8995300e-03
  -5.8875100e-03
  -5.8755000e-03
  -5.8634800e-03
  -5.8514700e-03
  -5.8394500e-03
  -5.8274400e-03
  -5.8154200e-03
  -5.8034100e-03
  -5.7913900e-03
  -5.7793800e-03
  -5.7673600e-03
  -5.7553500e-03
  -5.7433300e-03
  -5.7313200e-03
  -5.7193000e-03
  -5.7072900e-03
  -5.6952700e-03
  -5.6832600e-03
  -5.6712400e-03
  -5.6592300e-03
  -5.6472100e-03
  -5.6352000e-03
  -5.6231800e-03
  -5.6111700e-03
  -5.5991500e-03
  -5.5871400e-03
  -5.5751200e-03
  -5.5631000e-03
  -5.5510900e-03
  -5.5390700e-03
  -5.5270600e-03
  -5.5150400e-03
  -5.5030300e-03
  -5.4910100e-03
  -5.4790000e-03
  -5.4669800e-03
  -5.4549700e-03
  -5.4429500e-03
  -5.4309400e-03
  -5.4189200e-03
  -5.4069100e-03
  -5.3948900e-03
  -5.3828800e-03
  -5.3708600e-03
  -5.3588500e-03
  -5.3468300e-03
  -5.3348200e-03
  -5.3228000e-03
  -5.3107900e-03
  -5.2987700e-03
  -5.2867600e-03
  -5.2747400e-03
  -5.2627300e-03
  -5.2507100e-03
  -5.2387000e-03
  -5.2266800e-03
  -5.2146700e-03
  -5.2026500e-03
  -5.1906400e-03
  -5.1786200e-03
  -5.1666100e-03
  -5.1545900e-03
  -5.1425800e-03
  -5.1305600e-03
  -5.1185500e-03
  -5.1065300e-03
  -5.0945200e-03
  -5.0825000e-03
  -5.0704800e-03
  -5.0584700e-03
  -5.0464500e-03
  -5.0344400e-03
  -5.0224200e-03
  -5.0104100e-03
  -4.9983900e-03
  -4.9863800e-03
  -4.9743600e-03
  -4.9623500e-03
  -4.9503300e-03
  -4.9383200e-03
  -4.9263000e-03
  -4.9142900e-03
  -4.9022700e-03
  -4.8902600e-03
  -4.8782400e-03
  -4.8662300e-03
  -4.8542100e-03
  -4.8422000e-03
  -4.8301800e-03
  -4.8181700e-03
  -4.8061500e-03
  -4.7941400e-03
  -4.7821200e-03
  -4.7701100e-03
  -4.7580900e-03
  -4.7460800e-03
  -4.7340600e-03
  -4.7220500e-03
  -4.7100300e-03
  -4.6980200e-03
  -4.6860000e-03
  -4.6739900e-03
  -4.6619700e-03
  -4.6499600e-03
  -4.6379400e-03
  -4.6259300e-03
  -4.6139100e-03
  -4.6018900e-03
  -4.5898800e-03
  -4.5778600e-03
  -4.5658500e-03
  -4.5538300e-03
  -4.5418200e-03
  -4.5298000e-03
  -4.5177900e-03
  -4.5057700e-03
  -4.4937600e-03
  -4.4817400e-03
  -4.4697300e-03
  -4.4577100e-03
  -4.4457000e-03
  -4.4336800e-03
  -4.4216700e-03
  -4.4096500e-03
  -4.3976400e-03
  -4.3856200e-03
  -4.3736100e-03
  -4.3615900e-03
  -4.3495800e-03
  -4.3375600e-03
  -4.3255500e-03
  -4.3135300e-03
  -4.3015200e-03
  -4.2895000e-03
  -4.2774900e-03
  -4.2654700e-03
  -4.2534600e-03
  -4.2414400e-03
  -4.2294300e-03
  -4.2174100e-03
  -4.2054000e-03
  -4.1933800e-03
  -4.1813700e-03
  -4.1693500e-03
  -4.1573400e-03
  -4.1453200e-03
  -4.1333000e-03
  -4.1212900e-03
  -4.1092700e-03
  -4.0972600e-03
  -4.0852400e-03
  -4.0732300e-03
  -4.0612100e-03
  -4.0492000e-03
  -4.0371800e-03
  -4.0251700e-03
  -4.0131500e-03
  -4.0011400e-03
  -3.9891200e-03
  -3.9771100e-03
  -3.9650900e-03
  -3.9530800e-03
  -3.9410600e-03
  -3.9290500e-03
  -3.9170300e-03
  -3.9050200e-03
  -3.8930000e-03
  -3.8809900e-03
  -3.8689700e-03
  -3.8569600e-03
  -3.8449400e-03
  -3.8329300e-03
  -3.8209100e-03
  -3.8089000e-03
  -3.7968800e-03
  -3.7848700e-03
  -3.7728500e-03
  -3.7608400e-03
  -3.7488200e-03
  -3.7368100e-03
  -3.7247900e-03
  -3.7127800e-03
  -3.7007600e-03
  -3.6887500e-03
  -3.6767300e-03
  -3.6647100e-03
  -3.6527000e-03
  -3.6406800e-03
  -3.6286700e-03
  -3.6166500e-03
  -3.6046400e-03
  -3.5926200e-03
  -3.5806100e-03
  -3.5685900e-03
  -3.5565800e-03
  -3.5445600e-03
  -3.5325500e-03
  -3.5205300e-03
  -3.5085200e-03
  -3.4965000e-03
  -3.4844900e-03
  -3.4724700e-03
  -3.4604600e-03
  -3.4484400e-03
  -3.4364300e-03
  -3.4244100e-03
  -3.4124000e-03
  -3.4003800e-03
  -3.3883700e-03
  -3.3763500e-03
  -3.3643400e-03
  -3.3523200e-03
  -3.3403100e-03
  -3.3282900e-03
  -3.3162800e-03
  -3.3042600e-03
  -3.2922500e-03
  -3.2802300e-03
  -3.2682200e-03
  -3.2562000e-03
  -3.2441900e-03
  -3.2321700e-03
  -3.2201600e-03
  -3.2081400e-03
  -3.1961300e-03
  -3.1841100e-03
  -3.1720900e-03
  -3.1600800e-03
  -3.1480600e-03
  -3.1360500e-03
  -3.1240300e-03
  -3.1120200e-03
  -3.1000000e-03
  -3.0879900e-03
  -3.0759700e-03
  -3.0639600e-03
  -3.0519400e-03
  -3.0399300e-03
  -3.0279100e-03
  -3.0159000e-03
  -3.0038800e-03
  -2.9918700e-03
  -2.9798500e-03
  -2.9678400e-03
  -2.9558200e-03
  -2.9438100e-03
  -2.9317900e-03
  -2.9197800e-03
  -2.9077600e-03
  -2.8957500e-03
  -2.8837300e-03
  -2.8717200e-03
  -2.8597000e-03
  -2.8476900e-03
  -2.8356700e-03
  -2.8236600e-03
  -2.8116400e-03
  -2.7996300e-03
  -2.7876100e-03
  -2.7756000e-03
  -2.7635800e-03
  -2.7515700e-03
  -2.7395500e-03
  -2.7275400e-03
  -2.7155200e-03
  -2.7035000e-03
  -2.6914900e-03
  -2.6794700e-03
  -2.6674600e-03
  -2.6554400e-03
  -2.6434300e-03
  -2.6314100e-03
  -2.6194000e-03
  -2.6073800e-03
  -2.5953700e-03
  -2.5833500e-03
  -2.5713400e-03
  -2.5593200e-03
  -2.5473100e-03
  -2.5352900e-03
  -2.5232800e-03
  -2.5112600e-03
  -2.4992500e-03
  -2.4872300e-03
  -2.4752200e-03
  -2.4632000e-03
  -2.4511900e-03
  -2.4391700e-03
  -2.4271600e-03
  -2.4151400e-03
  -2.4031300e-03
  -2.3911100e-03
  -2.3791000e-03
  -2.3670800e-03
  -2.3550700e-03
  -2.3430500e-03
  -2.3310400e-03
  -2.3190200e-03
  -2.3070100e-03
  -2.2949900e-03
  -2.2829800e-03
  -2.2709600e-03
  -2.2589500e-03
  -2.2469300e-03
  -2.2349100e-03
  -2.2229000e-03
  -2.2108800e-03
  -2.1988700e-03
  -2.1868500e-03
  -2.1748400e-03
  -2.1628200e-03
  -2.1508100e-03
  -2.1387900e-03
  -2.1267800e-03
  -2.1147600e-03
  -2.1027500e-03
  -2.0907300e-03
  -2.0787200e-03
  -2.0667000e-03
  -2.0546900e-03
  -2.0426700e-03
  -2.0306600e-03
  -2.0186400e-03
  -2.0066300e-03
  -1.9946100e-03
  -1.9826000e-03
  -1.9705800e-03
  -1.9585700e-03
  -1.9465500e-03
  -1.9345400e-03
  -1.9225200e-03
  -1.9105100e-03
  -1.8984900e-03
  -1.8864800e-03
  -1.8744600e-03
  -1.8624500e-03
  -1.8504300e-03
  -1.8384200e-03
  -1.8264000e-03
  -1.8143900e-03
  -1.8023700e-03
  -1.7903600e-03
  -1.7783400e-03
  -1.7663200e-03
  -1.7543100e-03
  -1.7422900e-03
  -1.7302800e-03
  -1.7182600e-03
  -1.7062500e-03
  -1.6942300e-03
  -1.6822200e-03
  -1.6702000e-03
  -1.6581900e-03
  -1.6461700e-03
  -1.6341600e-03
  -1.6221400e-03
  -1.6101300e-03
  -1.5981100e-03
  -1.5861000e-03
  -1.5740800e-03
  -1.5620700e-03
  -1.5500500e-03
  -1.5380400e-03
  -1.5260200e-03
  -1.5140100e-03
  -1.5019900e-03
  -1.4899800e-03
  -1.4779600e-03
  -1.4659500e-03
  -1.4539300e-03
  -1.4419200e-03
  -1.4299000e-03
  -1.4178900e-03
  -1.4058700e-03
  -1.3938600e-03
  -1.3818400e-03
  -1.3698300e-03
  -1.3578100e-03
  -1.3458000e-03
  -1.3337800e-03
  -1.3217700e-03
  -1.3097500e-03
  -1.2977400e-03
  -1.2857200e-03
  -1.2737000e-03
  -1.2616900e-03
  -1.2496700e-03
  -1.2376600e-03
  -1.2256400e-03
  -1.2136300e-03
  -1.2016100e-03
  -1.1896000e-03
  -1.1775800e-03
  -1.1655700e-03
  -1.1535500e-03
  -1.1415400e-03
  -1.1295200e-03
  -1.1175100e-03
  -1.1054900e-03
  -1.0934800e-03
  -1.0814600e-03
  -1.0694500e-03
  -1.0574300e-03
  -1.0454200e-03
  -1.0334000e-03
  -1.0213900e-03
  -1.0093700e-03
  -9.9735700e-04
  -9.8534200e-04
  -9.7332700e-04
  -9.6131100e-04
  -9.4929600e-04
  -9.3728100e-04
  -9.2526600e-04
  -9.1325100e-04
  -9.0123600e-04
  -8.8922100e-04
  -8.7720600e-04
  -8.6519000e-04
  -8.5317500e-04
  -8.4116000e-04
  -8.2914500e-04
  -8.1713000e-04
  -8.0511500e-04
  -7.9310000e-04
  -7.8108500e-04
  -7.6906900e-04
  -7.5705400e-04
  -7.4503900e-04
  -7.3302400e-04
  -7.2100900e-04
  -7.0899400e-04
  -6.9697900e-04
  -6.8496400e-04
  -6.7294800e-04
  -6.6093300e-04
  -6.4891800e-04
  -6.3690300e-04
  -6.2488800e-04
  -6.1287300e-04
  -6.0085800e-04
  -5.8884300e-04
  -5.7682700e-04
  -5.6481200e-04
  -5.5279700e-04
  -5.4078200e-04
  -5.2876700e-04
  -5.1675200e-04
  -5.0473700e-04
  -4.9272200e-04
  -4.8070600e-04
  -4.6869100e-04
  -4.5667600e-04
  -4.4466100e-04
  -4.3264600e-04
  -4.2063100e-04
  -4.0861600e-04
  -3.9660100e-04
  -3.8458500e-04
  -3.7257000e-04
  -3.6055500e-04
  -3.4854000e-04
  -3.3652500e-04
  -3.2451000e-04
  -3.1249500e-04
  -3.0048000e-04
  -2.8846400e-04
  -2.7644900e-04
  -2.6443400e-04
  -2.5241900e-04
  -2.4040400e-04
  -2.2838900e-04
  -2.1637400e-04
  -2.0435900e-04
  -1.9234300e-04
  -1.8032800e-04
  -1.6831300e-04
  -1.5629800e-04
  -1.4428300e-04
  -1.3226800e-04
  -1.2025300e-04
  -1.0823800e-04
  -9.6222400e-05
  -8.4207300e-05
  -7.2192100e-05
  -6.0177000e-05
  -4.8161900e-05
  -3.6146800e-05
  -2.4131600e-05
  -1.2116500e-05
  -1.0137200e-07
   1.1913800e-05
   2.3928900e-05
   3.5944000e-05
   4.7959100e-05
   5.9974300e-05
   7.1989400e-05
   8.4004500e-05
   9.6019600e-05
   1.0803500e-04
   1.2005000e-04
   1.3206500e-04
   1.4408000e-04
   1.5609500e-04
   1.6811000e-04
   1.8012600e-04
   1.9214100e-04
   2.0415600e-04
   2.1617100e-04
   2.2818600e-04
   2.4020100e-04
   2.5221600e-04
   2.6423100e-04
   2.7624700e-04
   2.8826200e-04
   3.0027700e-04
   3.1229200e-04
   3.2430700e-04
   3.3632200e-04
   3.4833700e-04
   3.6035200e-04
   3.7236800e-04
   3.8438300e-04
   3.9639800e-04
   4.0841300e-04
   4.2042800e-04
   4.3244300e-04
   4.4445800e-04
   4.5647300e-04
   4.6848900e-04
   4.8050400e-04
   4.9251900e-04
   5.0453400e-04
   5.1654900e-04
   5.2856400e-04
   5.4057900e-04
   5.5259400e-04
   5.6461000e-04
   5.7662500e-04
   5.8864000e-04
   6.0065500e-04
   6.1267000e-04
   6.2468500e-04
   6.3670000e-04
   6.4871500e-04
   6.6073100e-04
   6.7274600e-04
   6.8476100e-04
   6.9677600e-04
   7.0879100e-04
   7.2080600e-04
   7.3282100e-04
   7.4483600e-04
   7.5685200e-04
   7.6886700e-04
   7.8088200e-04
   7.9289700e-04
   8.0491200e-04
   8.1692700e-04
   8.2894200e-04
   8.4095700e-04
   8.5297300e-04
   8.6498800e-04
   8.7700300e-04
   8.8901800e-04
   9.0103300e-04
   9.1304800e-04
   9.2506300e-04
   9.3707900e-04
   9.4909400e-04
   9.6110900e-04
   9.7312400e-04
   9.8513900e-04
   9.9715400e-04
   1.0091700e-03
   1.0211800e-03
   1.0332000e-03
   1.0452100e-03
   1.0572300e-03
   1.0692400e-03
   1.0812600e-03
   1.0932800e-03
   1.1052900e-03
   1.1173100e-03
   1.1293200e-03
   1.1413400e-03
   1.1533500e-03
   1.1653700e-03
   1.1773800e-03
   1.1894000e-03
   1.2014100e-03
   1.2134300e-03
   1.2254400e-03
   1.2374600e-03
   1.2494700e-03
   1.2614900e-03
   1.2735000e-03
   1.2855200e-03
   1.2975300e-03
   1.3095500e-03
   1.3215600e-03
   1.3335800e-03
   1.3455900e-03
   1.3576100e-03
   1.3696200e-03
   1.3816400e-03
   1.3936500e-03
   1.4056700e-03
   1.4176800e-03
   1.4297000e-03
   1.4417100e-03
   1.4537300e-03
   1.4657400e-03
   1.4777600e-03
   1.4897700e-03
   1.5017900e-03
   1.5138000e-03
   1.5258200e-03
   1.5378300e-03
   1.5498500e-03
   1.5618700e-03
   1.5738800e-03
   1.5859000e-03
   1.5979100e-03
   1.6099300e-03
   1.6219400e-03
   1.6339600e-03
   1.6459700e-03
   1.6579900e-03
   1.6700000e-03
   1.6820200e-03
   1.6940300e-03
   1.7060500e-03
   1.7180600e-03
   1.7300800e-03
   1.7420900e-03
   1.7541100e-03
   1.7661200e-03
   1.7781400e-03
   1.7901500e-03
   1.8021700e-03
   1.8141800e-03
   1.8262000e-03
   1.8382100e-03
   1.8502300e-03
   1.8622400e-03
   1.8742600e-03
   1.8862700e-03
   1.8982900e-03
   1.9103000e-03
   1.9223200e-03
   1.9343300e-03
   1.9463500e-03
   1.9583600e-03
   1.9703800e-03
   1.9823900e-03
   1.9944100e-03
   2.0064200e-03
   2.0184400e-03
   2.0304600e-03
   2.0424700e-03
   2.0544900e-03
   2.0665000e-03
   2.0785200e-03
   2.0905300e-03
   2.1025500e-03
   2.1145600e-03
   2.1265800e-03
   2.1385900e-03
   2.1506100e-03
   2.1626200e-03
   2.1746400e-03
   2.1866500e-03
   2.1986700e-03
   2.2106800e-03
   2.2227000e-03
   2.2347100e-03
   2.2467300e-03
   2.2587400e-03
   2.2707600e-03
   2.2827700e-03
   2.2947900e-03
   2.3068000e-03
   2.3188200e-03
   2.3308300e-03
   2.3428500e-03
   2.3548600e-03
   2.3668800e-03
   2.3788900e-03
   2.3909100e-03
   2.4029200e-03
   2.4149400e-03
   2.4269500e-03
   2.4389700e-03
   2.4509800e-03
   2.4630000e-03
   2.4750100e-03
   2.4870300e-03
   2.4990400e-03
   2.5110600e-03
   2.5230800e-03
   2.5350900e-03
   2.5471100e-03
   2.5591200e-03
   2.5711400e-03
   2.5831500e-03
   2.5951700e-03
   2.6071800e-03
   2.6192000e-03
   2.6312100e-03
   2.6432300e-03
   2.6552400e-03
   2.6672600e-03
   2.6792700e-03
   2.6912900e-03
   2.7033000e-03
   2.7153200e-03
   2.7273300e-03
   2.7393500e-03
   2.7513600e-03
   2.7633800e-03
   2.7753900e-03
   2.7874100e-03
   2.7994200e-03
   2.8114400e-03
   2.8234500e-03
   2.8354700e-03
   2.8474800e-03
   2.8595000e-03
   2.8715100e-03
   2.8835300e-03
   2.8955400e-03
   2.9075600e-03
   2.9195700e-03
   2.9315900e-03
   2.9436000e-03
   2.9556200e-03
   2.9676300e-03
   2.9796500e-03
   2.9916700e-03
   3.0036800e-03
   3.0157000e-03
   3.0277100e-03
   3.0397300e-03
   3.0517400e-03
   3.0637600e-03
   3.0757700e-03
   3.0877900e-03
   3.0998000e-03
   3.1118200e-03
   3.1238300e-03
   3.1358500e-03
   3.1478600e-03
   3.1598800e-03
   3.1718900e-03
   3.1839100e-03
   3.1959200e-03
   3.2079400e-03
   3.2199500e-03
   3.2319700e-03
   3.2439800e-03
   3.2560000e-03
   3.2680100e-03
   3.2800300e-03
   3.2920400e-03
   3.3040600e-03
   3.3160700e-03
   3.3280900e-03
   3.3401000e-03
   3.3521200e-03
   3.3641300e-03
   3.3761500e-03
   3.3881600e-03
   3.4001800e-03
   3.4121900e-03
   3.4242100e-03
   3.4362200e-03
   3.4482400e-03
   3.4602600e-03
   3.4722700e-03
   3.4842900e-03
   3.4963000e-03
   3.5083200e-03
   3.5203300e-03
   3.5323500e-03
   3.5443600e-03
   3.5563800e-03
   3.5683900e-03
   3.5804100e-03
   3.5924200e-03
   3.6044400e-03
   3.6164500e-03
   3.6284700e-03
   3.6404800e-03
   3.6525000e-03
   3.6645100e-03
   3.6765300e-03
   3.6885400e-03
   3.7005600e-03
   3.7125700e-03
   3.7245900e-03
   3.7366000e-03
   3.7486200e-03
   3.7606300e-03
   3.7726500e-03
   3.7846600e-03
   3.7966800e-03
   3.8086900e-03
   3.8207100e-03
   3.8327200e-03
   3.8447400e-03
   3.8567500e-03
   3.8687700e-03
   3.8807800e-03
   3.8928000e-03
   3.9048100e-03
   3.9168300e-03
   3.9288500e-03
   3.9408600e-03
   3.9528800e-03
   3.9648900e-03
   3.9769100e-03
   3.9889200e-03
   4.0009400e-03
   4.0129500e-03
   4.0249700e-03
   4.0369800e-03
   4.0490000e-03
   4.0610100e-03
   4.0730300e-03
   4.0850400e-03
   4.0970600e-03
   4.1090700e-03
   4.1210900e-03
   4.1331000e-03
   4.1451200e-03
   4.1571300e-03
   4.1691500e-03
   4.1811600e-03
   4.1931800e-03
   4.2051900e-03
   4.2172100e-03
   4.2292200e-03
   4.2412400e-03
   4.2532500e-03
   4.2652700e-03
   4.2772800e-03
   4.2893000e-03
   4.3013100e-03
   4.3133300e-03
   4.3253400e-03
   4.3373600e-03
   4.3493700e-03
   4.3613900e-03
   4.3734000e-03
   4.3854200e-03
   4.3974300e-03
   4.4094500e-03
   4.4214700e-03
   4.4334800e-03
   4.4455000e-03
   4.4575100e-03
   4.4695300e-03
   4.4815400e-03
   4.4935600e-03
   4.5055700e-03
   4.5175900e-03
   4.5296000e-03
   4.5416200e-03
   4.5536300e-03
   4.5656500e-03
   4.5776600e-03
   4.5896800e-03
   4.6016900e-03
   4.6137100e-03
   4.6257200e-03
   4.6377400e-03
   4.6497500e-03
   4.6617700e-03
   4.6737800e-03
   4.6858000e-03
   4.6978100e-03
   4.7098300e-03
   4.7218400e-03
   4.7338600e-03
   4.7458700e-03
   4.7578900e-03
   4.7699000e-03
   4.7819200e-03
   4.7939300e-03
   4.8059500e-03
   4.8179600e-03
   4.8299800e-03
   4.8419900e-03
   4.8540100e-03
   4.8660200e-03
   4.8780400e-03
   4.8900600e-03
   4.9020700e-03
   4.9140900e-03
   4.9261000e-03
   4.9381200e-03
   4.9501300e-03
   4.9621500e-03
   4.9741600e-03
   4.9861800e-03
   4.9981900e-03
   5.0102100e-03
   5.0222200e-03
   5.0342400e-03
   5.0462500e-03
   5.0582700e-03
   5.0702800e-03
   5.0823000e-03
   5.0943100e-03
   5.1063300e-03
   5.1183400e-03
   5.1303600e-03
   5.1423700e-03
   5.1543900e-03
   5.1664000e-03
   5.1784200e-03
   5.1904300e-03
   5.2024500e-03
   5.2144600e-03
   5.2264800e-03
   5.2384900e-03
   5.2505100e-03
   5.2625200e-03
   5.2745400e-03
   5.2865500e-03
   5.2985700e-03
   5.3105800e-03
   5.3226000e-03
   5.3346100e-03
   5.3466300e-03
   5.3586500e-03
   5.3706600e-03
   5.3826800e-03
   5.3946900e-03
   5.4067100e-03
   5.4187200e-03
   5.4307400e-03
   5.4427500e-03
   5.4547700e-03
   5.4667800e-03
   5.4788000e-03
   5.4908100e-03
   5.5028300e-03
   5.5148400e-03
   5.5268600e-03
   5.5388700e-03
   5.5508900e-03
   5.5629000e-03
   5.5749200e-03
   5.5869300e-03
   5.5989500e-03
   5.6109600e-03
   5.6229800e-03
   5.6349900e-03
   5.6470100e-03
   5.6590200e-03
   5.6710400e-03
   5.6830500e-03
   5.6950700e-03
   5.7070800e-03
   5.7191000e-03
   5.7311100e-03
   5.7431300e-03
   5.7551400e-03
   5.7671600e-03
   5.7791700e-03
   5.7911900e-03
   5.8032000e-03
   5.8152200e-03
   5.8272400e-03
   5.8392500e-03
   5.8512700e-03
   5.8632800e-03
   5.8753000e-03
   5.8873100e-03
   5.8993300e-03
   5.9113400e-03
   5.9233600e-03
   5.9353700e-03
   5.9473900e-03
   5.9594000e-03
   5.9714200e-03
   5.9834300e-03
   5.9954500e-03
