   0.0000000e+00
   0.0000000e+00
   0.0000000e+00
   0.0000000e+00
   0.0000000e+00
   0.0000000e+00
   0.0000000e+00
   0.0000000e+00
   0.0000000e+00
   0.0000000e+00
   0.0000000e+00
   0.0000000e+00
   0.0000000e+00
   0.0000000e+00
   0.0000000e+00
   0.0000000e+00
   0.0000000e+00
   0.0000000e+00
   0.0000000e+00
   0.0000000e+00
   0.0000000e+00
   0.0000000e+00
   0.0000000e+00
   0.0000000e+00
   0.0000000e+00
   0.0000000e+00
   0.0000000e+00
   0.0000000e+00
   0.0000000e+00
   0.0000000e+00
   0.0000000e+00
   0.0000000e+00
   0.0000000e+00
   0.0000000e+00
   0.0000000e+00
   0.0000000e+00
   0.0000000e+00
   0.0000000e+00
   0.0000000e+00
   0.0000000e+00
   0.0000000e+00
   0.0000000e+00
   2.0000000e+00
   1.0000000e+00
   6.0000000e+00
   3.0000000e+00
   3.0000000e+00
   4.0000000e+00
   0.0000000e+00
   3.0000000e+00
   5.0000000e+00
   7.0000000e+00
   9.0000000e+00
   4.0000000e+00
   8.0000000e+00
   3.0000000e+00
   4.0000000e+00
   5.0000000e+00
   1.4000000e+01
   9.0000000e+00
   1.1000000e+01
   8.0000000e+00
   2.4000000e+01
   1.0000000e+01
   9.0000000e+00
   2.0000000e+01
   2.2000000e+01
   3.4000000e+01
   3.0000000e+01
   1.6000000e+01
   2.1000000e+01
   2.1000000e+01
   2.8000000e+01
   3.4000000e+01
   3.6000000e+01
   2.5000000e+01
   4.3000000e+01
   5.7000000e+01
   3.2000000e+01
   2.1000000e+01
   4.7000000e+01
   3.5000000e+01
   4.5000000e+01
   5.2000000e+01
   6.8000000e+01
   9.8000000e+01
   1.3000000e+02
   2.5500000e+02
   7.5600000e+02
   1.6460000e+03
   4.0650000e+03
   7.0640000e+03
   1.2421000e+04
   1.8320000e+04
   2.1632000e+04
   2.4026000e+04
   2.3783000e+04
   2.2305000e+04
   2.0987000e+04
   2.0844000e+04
   1.6156000e+04
   1.4361000e+04
   1.2921000e+04
   1.0489000e+04
   8.3640000e+03
   6.1410000e+03
   4.2680000e+03
   2.5080000e+03
   1.6280000e+03
   9.5500000e+02
   4.8000000e+02
   2.2300000e+02
   1.8000000e+02
   1.0000000e+02
   4.5000000e+01
   4.2000000e+01
   1.6000000e+01
   2.2000000e+01
   3.3000000e+01
   2.1000000e+01
   1.9000000e+01
   1.7000000e+01
   2.9000000e+01
   2.0000000e+01
   1.7000000e+01
   1.2000000e+01
   1.3000000e+01
   1.7000000e+01
   1.0000000e+01
   1.6000000e+01
   1.8000000e+01
   1.4000000e+01
   1.0000000e+01
   7.0000000e+00
   1.0000000e+01
   8.0000000e+00
   8.0000000e+00
   1.0000000e+01
   5.0000000e+00
   2.0000000e+00
   2.0000000e+00
   5.0000000e+00
   1.2000000e+01
   2.0000000e+00
   4.0000000e+00
   2.0000000e+00
   0.0000000e+00
   2.0000000e+00
   0.0000000e+00
   1.0000000e+00
   0.0000000e+00
   0.0000000e+00
   0.0000000e+00
   0.0000000e+00
   1.0000000e+00
   0.0000000e+00
   0.0000000e+00
   0.0000000e+00
   0.0000000e+00
   0.0000000e+00
   0.0000000e+00
   0.0000000e+00
   0.0000000e+00
   0.0000000e+00
   0.0000000e+00
   0.0000000e+00
   0.0000000e+00
   0.0000000e+00
   0.0000000e+00
   0.0000000e+00
   0.0000000e+00
   0.0000000e+00
   0.0000000e+00
   0.0000000e+00
   0.0000000e+00
   0.0000000e+00
   0.0000000e+00
   0.0000000e+00
   0.0000000e+00
   0.0000000e+00
   0.0000000e+00
   0.0000000e+00
   0.0000000e+00
   0.0000000e+00
   0.0000000e+00
   0.0000000e+00
   0.0000000e+00
   0.0000000e+00
   0.0000000e+00
   0.0000000e+00
   0.0000000e+00
   0.0000000e+00
   0.0000000e+00
   0.0000000e+00
   0.0000000e+00
   0.0000000e+00
   0.0000000e+00
   0.0000000e+00
   0.0000000e+00
   0.0000000e+00
