  -1.2001400e-02
  -1.1977400e-02
  -1.1953400e-02
  -1.1929400e-02
  -1.1905400e-02
  -1.1881400e-02
  -1.1857400e-02
  -1.1833400e-02
  -1.1809400e-02
  -1.1785400e-02
  -1.1761400e-02
  -1.1737400e-02
  -1.1713400e-02
  -1.1689500e-02
  -1.1665500e-02
  -1.1641500e-02
  -1.1617500e-02
  -1.1593500e-02
  -1.1569500e-02
  -1.1545500e-02
  -1.1521500e-02
  -1.1497500e-02
  -1.1473500e-02
  -1.1449500e-02
  -1.1425500e-02
  -1.1401500e-02
  -1.1377500e-02
  -1.1353500e-02
  -1.1329600e-02
  -1.1305600e-02
  -1.1281600e-02
  -1.1257600e-02
  -1.1233600e-02
  -1.1209600e-02
  -1.1185600e-02
  -1.1161600e-02
  -1.1137600e-02
  -1.1113600e-02
  -1.1089600e-02
  -1.1065600e-02
  -1.1041600e-02
  -1.1017600e-02
  -1.0993700e-02
  -1.0969700e-02
  -1.0945700e-02
  -1.0921700e-02
  -1.0897700e-02
  -1.0873700e-02
  -1.0849700e-02
  -1.0825700e-02
  -1.0801700e-02
  -1.0777700e-02
  -1.0753700e-02
  -1.0729700e-02
  -1.0705700e-02
  -1.0681700e-02
  -1.0657700e-02
  -1.0633800e-02
  -1.0609800e-02
  -1.0585800e-02
  -1.0561800e-02
  -1.0537800e-02
  -1.0513800e-02
  -1.0489800e-02
  -1.0465800e-02
  -1.0441800e-02
  -1.0417800e-02
  -1.0393800e-02
  -1.0369800e-02
  -1.0345800e-02
  -1.0321800e-02
  -1.0297800e-02
  -1.0273900e-02
  -1.0249900e-02
  -1.0225900e-02
  -1.0201900e-02
  -1.0177900e-02
  -1.0153900e-02
  -1.0129900e-02
  -1.0105900e-02
  -1.0081900e-02
  -1.0057900e-02
  -1.0033900e-02
  -1.0009900e-02
  -9.9859400e-03
  -9.9619400e-03
  -9.9379500e-03
  -9.9139600e-03
  -9.8899600e-03
  -9.8659700e-03
  -9.8419800e-03
  -9.8179800e-03
  -9.7939900e-03
  -9.7700000e-03
  -9.7460000e-03
  -9.7220100e-03
  -9.6980200e-03
  -9.6740200e-03
  -9.6500300e-03
  -9.6260400e-03
  -9.6020400e-03
  -9.5780500e-03
  -9.5540600e-03
  -9.5300700e-03
  -9.5060700e-03
  -9.4820800e-03
  -9.4580900e-03
  -9.4340900e-03
  -9.4101000e-03
  -9.3861100e-03
  -9.3621100e-03
  -9.3381200e-03
  -9.3141300e-03
  -9.2901300e-03
  -9.2661400e-03
  -9.2421500e-03
  -9.2181500e-03
  -9.1941600e-03
  -9.1701700e-03
  -9.1461700e-03
  -9.1221800e-03
  -9.0981900e-03
  -9.0741900e-03
  -9.0502000e-03
  -9.0262100e-03
  -9.0022100e-03
  -8.9782200e-03
  -8.9542300e-03
  -8.9302300e-03
  -8.9062400e-03
  -8.8822500e-03
  -8.8582600e-03
  -8.8342600e-03
  -8.8102700e-03
  -8.7862800e-03
  -8.7622800e-03
  -8.7382900e-03
  -8.7143000e-03
  -8.6903000e-03
  -8.6663100e-03
  -8.6423200e-03
  -8.6183200e-03
  -8.5943300e-03
  -8.5703400e-03
  -8.5463400e-03
  -8.5223500e-03
  -8.4983600e-03
  -8.4743600e-03
  -8.4503700e-03
  -8.4263800e-03
  -8.4023800e-03
  -8.3783900e-03
  -8.3544000e-03
  -8.3304000e-03
  -8.3064100e-03
  -8.2824200e-03
  -8.2584200e-03
  -8.2344300e-03
  -8.2104400e-03
  -8.1864500e-03
  -8.1624500e-03
  -8.1384600e-03
  -8.1144700e-03
  -8.0904700e-03
  -8.0664800e-03
  -8.0424900e-03
  -8.0184900e-03
  -7.9945000e-03
  -7.9705100e-03
  -7.9465100e-03
  -7.9225200e-03
  -7.8985300e-03
  -7.8745300e-03
  -7.8505400e-03
  -7.8265500e-03
  -7.8025500e-03
  -7.7785600e-03
  -7.7545700e-03
  -7.7305700e-03
  -7.7065800e-03
  -7.6825900e-03
  -7.6585900e-03
  -7.6346000e-03
  -7.6106100e-03
  -7.5866100e-03
  -7.5626200e-03
  -7.5386300e-03
  -7.5146400e-03
  -7.4906400e-03
  -7.4666500e-03
  -7.4426600e-03
  -7.4186600e-03
  -7.3946700e-03
  -7.3706800e-03
  -7.3466800e-03
  -7.3226900e-03
  -7.2987000e-03
  -7.2747000e-03
  -7.2507100e-03
  -7.2267200e-03
  -7.2027200e-03
  -7.1787300e-03
  -7.1547400e-03
  -7.1307400e-03
  -7.1067500e-03
  -7.0827600e-03
  -7.0587600e-03
  -7.0347700e-03
  -7.0107800e-03
  -6.9867800e-03
  -6.9627900e-03
  -6.9388000e-03
  -6.9148000e-03
  -6.8908100e-03
  -6.8668200e-03
  -6.8428300e-03
  -6.8188300e-03
  -6.7948400e-03
  -6.7708500e-03
  -6.7468500e-03
  -6.7228600e-03
  -6.6988700e-03
  -6.6748700e-03
  -6.6508800e-03
  -6.6268900e-03
  -6.6028900e-03
  -6.5789000e-03
  -6.5549100e-03
  -6.5309100e-03
  -6.5069200e-03
  -6.4829300e-03
  -6.4589300e-03
  -6.4349400e-03
  -6.4109500e-03
  -6.3869500e-03
  -6.3629600e-03
  -6.3389700e-03
  -6.3149700e-03
  -6.2909800e-03
  -6.2669900e-03
  -6.2429900e-03
  -6.2190000e-03
  -6.1950100e-03
  -6.1710200e-03
  -6.1470200e-03
  -6.1230300e-03
  -6.0990400e-03
  -6.0750400e-03
  -6.0510500e-03
  -6.0270600e-03
  -6.0030600e-03
  -5.9790700e-03
  -5.9550800e-03
  -5.9310800e-03
  -5.9070900e-03
  -5.8831000e-03
  -5.8591000e-03
  -5.8351100e-03
  -5.8111200e-03
  -5.7871200e-03
  -5.7631300e-03
  -5.7391400e-03
  -5.7151400e-03
  -5.6911500e-03
  -5.6671600e-03
  -5.6431600e-03
  -5.6191700e-03
  -5.5951800e-03
  -5.5711800e-03
  -5.5471900e-03
  -5.5232000e-03
  -5.4992100e-03
  -5.4752100e-03
  -5.4512200e-03
  -5.4272300e-03
  -5.4032300e-03
  -5.3792400e-03
  -5.3552500e-03
  -5.3312500e-03
  -5.3072600e-03
  -5.2832700e-03
  -5.2592700e-03
  -5.2352800e-03
  -5.2112900e-03
  -5.1872900e-03
  -5.1633000e-03
  -5.1393100e-03
  -5.1153100e-03
  -5.0913200e-03
  -5.0673300e-03
  -5.0433300e-03
  -5.0193400e-03
  -4.9953500e-03
  -4.9713500e-03
  -4.9473600e-03
  -4.9233700e-03
  -4.8993700e-03
  -4.8753800e-03
  -4.8513900e-03
  -4.8274000e-03
  -4.8034000e-03
  -4.7794100e-03
  -4.7554200e-03
  -4.7314200e-03
  -4.7074300e-03
  -4.6834400e-03
  -4.6594400e-03
  -4.6354500e-03
  -4.6114600e-03
  -4.5874600e-03
  -4.5634700e-03
  -4.5394800e-03
  -4.5154800e-03
  -4.4914900e-03
  -4.4675000e-03
  -4.4435000e-03
  -4.4195100e-03
  -4.3955200e-03
  -4.3715200e-03
  -4.3475300e-03
  -4.3235400e-03
  -4.2995400e-03
  -4.2755500e-03
  -4.2515600e-03
  -4.2275600e-03
  -4.2035700e-03
  -4.1795800e-03
  -4.1555900e-03
  -4.1315900e-03
  -4.1076000e-03
  -4.0836100e-03
  -4.0596100e-03
  -4.0356200e-03
  -4.0116300e-03
  -3.9876300e-03
  -3.9636400e-03
  -3.9396500e-03
  -3.9156500e-03
  -3.8916600e-03
  -3.8676700e-03
  -3.8436700e-03
  -3.8196800e-03
  -3.7956900e-03
  -3.7716900e-03
  -3.7477000e-03
  -3.7237100e-03
  -3.6997100e-03
  -3.6757200e-03
  -3.6517300e-03
  -3.6277300e-03
  -3.6037400e-03
  -3.5797500e-03
  -3.5557500e-03
  -3.5317600e-03
  -3.5077700e-03
  -3.4837800e-03
  -3.4597800e-03
  -3.4357900e-03
  -3.4118000e-03
  -3.3878000e-03
  -3.3638100e-03
  -3.3398200e-03
  -3.3158200e-03
  -3.2918300e-03
  -3.2678400e-03
  -3.2438400e-03
  -3.2198500e-03
  -3.1958600e-03
  -3.1718600e-03
  -3.1478700e-03
  -3.1238800e-03
  -3.0998800e-03
  -3.0758900e-03
  -3.0519000e-03
  -3.0279000e-03
  -3.0039100e-03
  -2.9799200e-03
  -2.9559200e-03
  -2.9319300e-03
  -2.9079400e-03
  -2.8839400e-03
  -2.8599500e-03
  -2.8359600e-03
  -2.8119700e-03
  -2.7879700e-03
  -2.7639800e-03
  -2.7399900e-03
  -2.7159900e-03
  -2.6920000e-03
  -2.6680100e-03
  -2.6440100e-03
  -2.6200200e-03
  -2.5960300e-03
  -2.5720300e-03
  -2.5480400e-03
  -2.5240500e-03
  -2.5000500e-03
  -2.4760600e-03
  -2.4520700e-03
  -2.4280700e-03
  -2.4040800e-03
  -2.3800900e-03
  -2.3560900e-03
  -2.3321000e-03
  -2.3081100e-03
  -2.2841100e-03
  -2.2601200e-03
  -2.2361300e-03
  -2.2121300e-03
  -2.1881400e-03
  -2.1641500e-03
  -2.1401600e-03
  -2.1161600e-03
  -2.0921700e-03
  -2.0681800e-03
  -2.0441800e-03
  -2.0201900e-03
  -1.9962000e-03
  -1.9722000e-03
  -1.9482100e-03
  -1.9242200e-03
  -1.9002200e-03
  -1.8762300e-03
  -1.8522400e-03
  -1.8282400e-03
  -1.8042500e-03
  -1.7802600e-03
  -1.7562600e-03
  -1.7322700e-03
  -1.7082800e-03
  -1.6842800e-03
  -1.6602900e-03
  -1.6363000e-03
  -1.6123000e-03
  -1.5883100e-03
  -1.5643200e-03
  -1.5403200e-03
  -1.5163300e-03
  -1.4923400e-03
  -1.4683500e-03
  -1.4443500e-03
  -1.4203600e-03
  -1.3963700e-03
  -1.3723700e-03
  -1.3483800e-03
  -1.3243900e-03
  -1.3003900e-03
  -1.2764000e-03
  -1.2524100e-03
  -1.2284100e-03
  -1.2044200e-03
  -1.1804300e-03
  -1.1564300e-03
  -1.1324400e-03
  -1.1084500e-03
  -1.0844500e-03
  -1.0604600e-03
  -1.0364700e-03
  -1.0124700e-03
  -9.8848100e-04
  -9.6448800e-04
  -9.4049500e-04
  -9.1650100e-04
  -8.9250800e-04
  -8.6851500e-04
  -8.4452200e-04
  -8.2052800e-04
  -7.9653500e-04
  -7.7254200e-04
  -7.4854900e-04
  -7.2455600e-04
  -7.0056200e-04
  -6.7656900e-04
  -6.5257600e-04
  -6.2858300e-04
  -6.0459000e-04
  -5.8059600e-04
  -5.5660300e-04
  -5.3261000e-04
  -5.0861700e-04
  -4.8462300e-04
  -4.6063000e-04
  -4.3663700e-04
  -4.1264400e-04
  -3.8865100e-04
  -3.6465700e-04
  -3.4066400e-04
  -3.1667100e-04
  -2.9267800e-04
  -2.6868500e-04
  -2.4469100e-04
  -2.2069800e-04
  -1.9670500e-04
  -1.7271200e-04
  -1.4871800e-04
  -1.2472500e-04
  -1.0073200e-04
  -7.6738800e-05
  -5.2745600e-05
  -2.8752400e-05
  -4.7591900e-06
   1.9234000e-05
   4.3227200e-05
   6.7220400e-05
   9.1213700e-05
   1.1520700e-04
   1.3920000e-04
   1.6319300e-04
   1.8718700e-04
   2.1118000e-04
   2.3517300e-04
   2.5916600e-04
   2.8315900e-04
   3.0715300e-04
   3.3114600e-04
   3.5513900e-04
   3.7913200e-04
   4.0312500e-04
   4.2711900e-04
   4.5111200e-04
   4.7510500e-04
   4.9909800e-04
   5.2309200e-04
   5.4708500e-04
   5.7107800e-04
   5.9507100e-04
   6.1906400e-04
   6.4305800e-04
   6.6705100e-04
   6.9104400e-04
   7.1503700e-04
   7.3903000e-04
   7.6302400e-04
   7.8701700e-04
   8.1101000e-04
   8.3500300e-04
   8.5899700e-04
   8.8299000e-04
   9.0698300e-04
   9.3097600e-04
   9.5496900e-04
   9.7896300e-04
   1.0029600e-03
   1.0269500e-03
   1.0509400e-03
   1.0749400e-03
   1.0989300e-03
   1.1229200e-03
   1.1469200e-03
   1.1709100e-03
   1.1949000e-03
   1.2188900e-03
   1.2428900e-03
   1.2668800e-03
   1.2908700e-03
   1.3148700e-03
   1.3388600e-03
   1.3628500e-03
   1.3868500e-03
   1.4108400e-03
   1.4348300e-03
   1.4588300e-03
   1.4828200e-03
   1.5068100e-03
   1.5308100e-03
   1.5548000e-03
   1.5787900e-03
   1.6027900e-03
   1.6267800e-03
   1.6507700e-03
   1.6747700e-03
   1.6987600e-03
   1.7227500e-03
   1.7467500e-03
   1.7707400e-03
   1.7947300e-03
   1.8187300e-03
   1.8427200e-03
   1.8667100e-03
   1.8907000e-03
   1.9147000e-03
   1.9386900e-03
   1.9626800e-03
   1.9866800e-03
   2.0106700e-03
   2.0346600e-03
   2.0586600e-03
   2.0826500e-03
   2.1066400e-03
   2.1306400e-03
   2.1546300e-03
   2.1786200e-03
   2.2026200e-03
   2.2266100e-03
   2.2506000e-03
   2.2746000e-03
   2.2985900e-03
   2.3225800e-03
   2.3465800e-03
   2.3705700e-03
   2.3945600e-03
   2.4185600e-03
   2.4425500e-03
   2.4665400e-03
   2.4905400e-03
   2.5145300e-03
   2.5385200e-03
   2.5625100e-03
   2.5865100e-03
   2.6105000e-03
   2.6344900e-03
   2.6584900e-03
   2.6824800e-03
   2.7064700e-03
   2.7304700e-03
   2.7544600e-03
   2.7784500e-03
   2.8024500e-03
   2.8264400e-03
   2.8504300e-03
   2.8744300e-03
   2.8984200e-03
   2.9224100e-03
   2.9464100e-03
   2.9704000e-03
   2.9943900e-03
   3.0183900e-03
   3.0423800e-03
   3.0663700e-03
   3.0903700e-03
   3.1143600e-03
   3.1383500e-03
   3.1623500e-03
   3.1863400e-03
   3.2103300e-03
   3.2343200e-03
   3.2583200e-03
   3.2823100e-03
   3.3063000e-03
   3.3303000e-03
   3.3542900e-03
   3.3782800e-03
   3.4022800e-03
   3.4262700e-03
   3.4502600e-03
   3.4742600e-03
   3.4982500e-03
   3.5222400e-03
   3.5462400e-03
   3.5702300e-03
   3.5942200e-03
   3.6182200e-03
   3.6422100e-03
   3.6662000e-03
   3.6902000e-03
   3.7141900e-03
   3.7381800e-03
   3.7621800e-03
   3.7861700e-03
   3.8101600e-03
   3.8341600e-03
   3.8581500e-03
   3.8821400e-03
   3.9061300e-03
   3.9301300e-03
   3.9541200e-03
   3.9781100e-03
   4.0021100e-03
   4.0261000e-03
   4.0500900e-03
   4.0740900e-03
   4.0980800e-03
   4.1220700e-03
   4.1460700e-03
   4.1700600e-03
   4.1940500e-03
   4.2180500e-03
   4.2420400e-03
   4.2660300e-03
   4.2900300e-03
   4.3140200e-03
   4.3380100e-03
   4.3620100e-03
   4.3860000e-03
   4.4099900e-03
   4.4339900e-03
   4.4579800e-03
   4.4819700e-03
   4.5059700e-03
   4.5299600e-03
   4.5539500e-03
   4.5779400e-03
   4.6019400e-03
   4.6259300e-03
   4.6499200e-03
   4.6739200e-03
   4.6979100e-03
   4.7219000e-03
   4.7459000e-03
   4.7698900e-03
   4.7938800e-03
   4.8178800e-03
   4.8418700e-03
   4.8658600e-03
   4.8898600e-03
   4.9138500e-03
   4.9378400e-03
   4.9618400e-03
   4.9858300e-03
   5.0098200e-03
   5.0338200e-03
   5.0578100e-03
   5.0818000e-03
   5.1058000e-03
   5.1297900e-03
   5.1537800e-03
   5.1777800e-03
   5.2017700e-03
   5.2257600e-03
   5.2497500e-03
   5.2737500e-03
   5.2977400e-03
   5.3217300e-03
   5.3457300e-03
   5.3697200e-03
   5.3937100e-03
   5.4177100e-03
   5.4417000e-03
   5.4656900e-03
   5.4896900e-03
   5.5136800e-03
   5.5376700e-03
   5.5616700e-03
   5.5856600e-03
   5.6096500e-03
   5.6336500e-03
   5.6576400e-03
   5.6816300e-03
   5.7056300e-03
   5.7296200e-03
   5.7536100e-03
   5.7776100e-03
   5.8016000e-03
   5.8255900e-03
   5.8495900e-03
   5.8735800e-03
   5.8975700e-03
   5.9215600e-03
   5.9455600e-03
   5.9695500e-03
   5.9935400e-03
   6.0175400e-03
   6.0415300e-03
   6.0655200e-03
   6.0895200e-03
   6.1135100e-03
   6.1375000e-03
   6.1615000e-03
   6.1854900e-03
   6.2094800e-03
   6.2334800e-03
   6.2574700e-03
   6.2814600e-03
   6.3054600e-03
   6.3294500e-03
   6.3534400e-03
   6.3774400e-03
   6.4014300e-03
   6.4254200e-03
   6.4494200e-03
   6.4734100e-03
   6.4974000e-03
   6.5214000e-03
   6.5453900e-03
   6.5693800e-03
   6.5933700e-03
   6.6173700e-03
   6.6413600e-03
   6.6653500e-03
   6.6893500e-03
   6.7133400e-03
   6.7373300e-03
   6.7613300e-03
   6.7853200e-03
   6.8093100e-03
   6.8333100e-03
   6.8573000e-03
   6.8812900e-03
   6.9052900e-03
   6.9292800e-03
   6.9532700e-03
   6.9772700e-03
   7.0012600e-03
   7.0252500e-03
   7.0492500e-03
   7.0732400e-03
   7.0972300e-03
   7.1212300e-03
   7.1452200e-03
   7.1692100e-03
   7.1932100e-03
   7.2172000e-03
   7.2411900e-03
   7.2651800e-03
   7.2891800e-03
   7.3131700e-03
   7.3371600e-03
   7.3611600e-03
   7.3851500e-03
   7.4091400e-03
   7.4331400e-03
   7.4571300e-03
   7.4811200e-03
   7.5051200e-03
   7.5291100e-03
   7.5531000e-03
   7.5771000e-03
   7.6010900e-03
   7.6250800e-03
   7.6490800e-03
   7.6730700e-03
   7.6970600e-03
   7.7210600e-03
   7.7450500e-03
   7.7690400e-03
   7.7930400e-03
   7.8170300e-03
   7.8410200e-03
   7.8650100e-03
   7.8890100e-03
   7.9130000e-03
   7.9369900e-03
   7.9609900e-03
   7.9849800e-03
   8.0089700e-03
   8.0329700e-03
   8.0569600e-03
   8.0809500e-03
   8.1049500e-03
   8.1289400e-03
   8.1529300e-03
   8.1769300e-03
   8.2009200e-03
   8.2249100e-03
   8.2489100e-03
   8.2729000e-03
   8.2968900e-03
   8.3208900e-03
   8.3448800e-03
   8.3688700e-03
   8.3928700e-03
   8.4168600e-03
   8.4408500e-03
   8.4648500e-03
   8.4888400e-03
   8.5128300e-03
   8.5368200e-03
   8.5608200e-03
   8.5848100e-03
   8.6088000e-03
   8.6328000e-03
   8.6567900e-03
   8.6807800e-03
   8.7047800e-03
   8.7287700e-03
   8.7527600e-03
   8.7767600e-03
   8.8007500e-03
   8.8247400e-03
   8.8487400e-03
   8.8727300e-03
   8.8967200e-03
   8.9207200e-03
   8.9447100e-03
   8.9687000e-03
   8.9927000e-03
   9.0166900e-03
   9.0406800e-03
   9.0646800e-03
   9.0886700e-03
   9.1126600e-03
   9.1366600e-03
   9.1606500e-03
   9.1846400e-03
   9.2086300e-03
   9.2326300e-03
   9.2566200e-03
   9.2806100e-03
   9.3046100e-03
   9.3286000e-03
   9.3525900e-03
   9.3765900e-03
   9.4005800e-03
   9.4245700e-03
   9.4485700e-03
   9.4725600e-03
   9.4965500e-03
   9.5205500e-03
   9.5445400e-03
   9.5685300e-03
   9.5925300e-03
   9.6165200e-03
   9.6405100e-03
   9.6645100e-03
   9.6885000e-03
   9.7124900e-03
   9.7364900e-03
   9.7604800e-03
   9.7844700e-03
   9.8084700e-03
   9.8324600e-03
   9.8564500e-03
   9.8804400e-03
   9.9044400e-03
   9.9284300e-03
   9.9524200e-03
   9.9764200e-03
   1.0000400e-02
   1.0024400e-02
   1.0048400e-02
   1.0072400e-02
   1.0096400e-02
   1.0120400e-02
   1.0144400e-02
   1.0168400e-02
   1.0192400e-02
   1.0216300e-02
   1.0240300e-02
   1.0264300e-02
   1.0288300e-02
   1.0312300e-02
   1.0336300e-02
   1.0360300e-02
   1.0384300e-02
   1.0408300e-02
   1.0432300e-02
   1.0456300e-02
   1.0480300e-02
   1.0504300e-02
   1.0528300e-02
   1.0552300e-02
   1.0576200e-02
   1.0600200e-02
   1.0624200e-02
   1.0648200e-02
   1.0672200e-02
   1.0696200e-02
   1.0720200e-02
   1.0744200e-02
   1.0768200e-02
   1.0792200e-02
   1.0816200e-02
   1.0840200e-02
   1.0864200e-02
   1.0888200e-02
   1.0912200e-02
   1.0936100e-02
   1.0960100e-02
   1.0984100e-02
   1.1008100e-02
   1.1032100e-02
   1.1056100e-02
   1.1080100e-02
   1.1104100e-02
   1.1128100e-02
   1.1152100e-02
   1.1176100e-02
   1.1200100e-02
   1.1224100e-02
   1.1248100e-02
   1.1272100e-02
   1.1296000e-02
   1.1320000e-02
   1.1344000e-02
   1.1368000e-02
   1.1392000e-02
   1.1416000e-02
   1.1440000e-02
   1.1464000e-02
   1.1488000e-02
   1.1512000e-02
   1.1536000e-02
   1.1560000e-02
   1.1584000e-02
   1.1608000e-02
   1.1631900e-02
   1.1655900e-02
   1.1679900e-02
   1.1703900e-02
   1.1727900e-02
   1.1751900e-02
   1.1775900e-02
   1.1799900e-02
   1.1823900e-02
   1.1847900e-02
   1.1871900e-02
   1.1895900e-02
   1.1919900e-02
   1.1943900e-02
   1.1967900e-02
