   2.5000000e+01
   2.1000000e+01
   3.0000000e+01
   5.1000000e+01
   5.0000000e+01
   2.9000000e+01
   5.3000000e+01
   4.0000000e+01
   6.8000000e+01
   5.9000000e+01
   6.5000000e+01
   4.4000000e+01
   6.2000000e+01
   5.1000000e+01
   6.1000000e+01
   7.2000000e+01
   8.3000000e+01
   8.7000000e+01
   6.5000000e+01
   6.3000000e+01
   9.2000000e+01
   7.8000000e+01
   1.0400000e+02
   6.7000000e+01
   9.9000000e+01
   1.5400000e+02
   1.4600000e+02
   1.3200000e+02
   2.0500000e+02
   1.6800000e+02
   1.6900000e+02
   1.8400000e+02
   1.7500000e+02
   2.0200000e+02
   2.0300000e+02
   1.7700000e+02
   2.1700000e+02
   2.1000000e+02
   2.5800000e+02
   2.2700000e+02
   2.4500000e+02
   2.2500000e+02
   2.9700000e+02
   2.8900000e+02
   3.3100000e+02
   2.2500000e+02
   3.0200000e+02
   3.2500000e+02
   3.2000000e+02
   3.8400000e+02
   3.5200000e+02
   3.3600000e+02
   2.8100000e+02
   4.0400000e+02
   3.0800000e+02
   3.9800000e+02
   3.3100000e+02
   3.6200000e+02
   2.8400000e+02
   3.7400000e+02
   3.5700000e+02
   3.9500000e+02
   4.3700000e+02
   4.0100000e+02
   4.5600000e+02
   3.1600000e+02
   3.3700000e+02
   3.5700000e+02
   3.5200000e+02
   3.7600000e+02
   4.2000000e+02
   4.8400000e+02
   5.0400000e+02
   4.1600000e+02
   3.4900000e+02
   4.9200000e+02
   4.4500000e+02
   4.4900000e+02
   4.2200000e+02
   4.8300000e+02
   4.7100000e+02
   4.3800000e+02
   4.2800000e+02
   3.9900000e+02
   4.9200000e+02
   4.7500000e+02
   3.6700000e+02
   4.4200000e+02
   3.8300000e+02
   4.7200000e+02
   5.0000000e+02
   4.6900000e+02
   5.4200000e+02
   5.3000000e+02
   6.6500000e+02
   8.8500000e+02
   2.0280000e+03
   3.6270000e+03
   5.1860000e+03
   8.3180000e+03
   1.0292000e+04
   1.3646000e+04
   1.6886000e+04
   1.9601000e+04
   2.3127000e+04
   2.5823000e+04
   2.6479000e+04
   2.7210000e+04
   2.7496000e+04
   2.6077000e+04
   2.3999000e+04
   2.2189000e+04
   1.9738000e+04
   1.6704000e+04
   1.4750000e+04
   1.2106000e+04
   1.0316000e+04
   8.9860000e+03
   7.5040000e+03
   5.8400000e+03
   2.4720000e+03
   8.7200000e+02
   6.0500000e+02
   5.5400000e+02
   4.9000000e+02
   4.7100000e+02
   4.2900000e+02
   4.2200000e+02
   3.7700000e+02
   4.6000000e+02
   3.9300000e+02
   3.9100000e+02
   4.0200000e+02
   4.1300000e+02
   3.4100000e+02
   3.4700000e+02
   3.2600000e+02
   3.5200000e+02
   3.3100000e+02
   3.2500000e+02
   3.3400000e+02
   3.5700000e+02
   3.7300000e+02
   3.6400000e+02
   3.4800000e+02
   2.8300000e+02
   2.7100000e+02
   3.3000000e+02
   3.8100000e+02
   3.0900000e+02
   2.3900000e+02
   2.7100000e+02
   2.4300000e+02
   2.2700000e+02
   2.8500000e+02
   2.6000000e+02
   2.9400000e+02
   2.7500000e+02
   2.2200000e+02
   2.0900000e+02
   2.1200000e+02
   2.1500000e+02
   1.9100000e+02
   1.6300000e+02
   2.0600000e+02
   1.9200000e+02
   1.9400000e+02
   1.9700000e+02
   1.5800000e+02
   1.5400000e+02
   1.4100000e+02
   1.1600000e+02
   1.3500000e+02
   1.1000000e+02
   1.3700000e+02
   1.1600000e+02
   9.1000000e+01
   1.1800000e+02
   1.2400000e+02
   9.6000000e+01
   8.1000000e+01
   1.2800000e+02
   6.9000000e+01
   5.4000000e+01
   4.7000000e+01
   5.1000000e+01
   5.7000000e+01
   3.6000000e+01
   2.6000000e+01
   3.2000000e+01
   2.4000000e+01
   2.1000000e+01
   1.7000000e+01
   1.8000000e+01
   1.2000000e+01
   2.2000000e+01
   2.2000000e+01
   2.3000000e+01
   1.0000000e+01
   7.0000000e+00
