   0.0000000e+00
   0.0000000e+00
   0.0000000e+00
   0.0000000e+00
   0.0000000e+00
   0.0000000e+00
   0.0000000e+00
   0.0000000e+00
   0.0000000e+00
   0.0000000e+00
   0.0000000e+00
   0.0000000e+00
   0.0000000e+00
   1.0000000e+00
   1.0000000e+00
   2.0000000e+00
   2.0000000e+00
   1.0000000e+00
   0.0000000e+00
   3.0000000e+00
   2.0000000e+00
   9.0000000e+00
   5.0000000e+00
   5.0000000e+00
   1.5000000e+01
   1.0000000e+01
   7.0000000e+00
   4.0000000e+00
   7.0000000e+00
   1.2000000e+01
   1.7000000e+01
   7.0000000e+00
   1.3000000e+01
   2.2000000e+01
   2.2000000e+01
   2.6000000e+01
   2.1000000e+01
   2.2000000e+01
   2.7000000e+01
   4.4000000e+01
   4.3000000e+01
   3.2000000e+01
   2.9000000e+01
   4.1000000e+01
   3.7000000e+01
   4.9000000e+01
   4.8000000e+01
   5.5000000e+01
   5.1000000e+01
   5.3000000e+01
   3.8000000e+01
   7.7000000e+01
   5.5000000e+01
   5.0000000e+01
   5.5000000e+01
   9.2000000e+01
   7.6000000e+01
   9.8000000e+01
   5.4000000e+01
   6.7000000e+01
   7.3000000e+01
   8.6000000e+01
   1.1100000e+02
   9.5000000e+01
   8.2000000e+01
   8.8000000e+01
   1.3100000e+02
   1.2300000e+02
   1.5800000e+02
   1.3300000e+02
   1.3000000e+02
   1.5300000e+02
   1.1400000e+02
   1.2200000e+02
   1.6000000e+02
   1.2400000e+02
   1.4300000e+02
   1.6400000e+02
   1.4900000e+02
   1.5700000e+02
   1.8100000e+02
   1.8200000e+02
   2.2700000e+02
   2.8300000e+02
   4.1400000e+02
   4.7600000e+02
   7.4600000e+02
   1.0350000e+03
   1.5390000e+03
   2.2370000e+03
   3.2210000e+03
   4.1540000e+03
   5.3390000e+03
   5.9430000e+03
   6.6960000e+03
   6.5720000e+03
   6.5440000e+03
   6.2290000e+03
   5.6070000e+03
   5.3860000e+03
   3.8070000e+03
   3.4160000e+03
   2.5650000e+03
   1.7480000e+03
   1.4240000e+03
   1.0500000e+03
   7.2800000e+02
   5.0300000e+02
   3.2300000e+02
   2.5600000e+02
   1.6700000e+02
   1.1500000e+02
   1.0000000e+02
   7.2000000e+01
   5.8000000e+01
   4.8000000e+01
   2.8000000e+01
   1.5000000e+01
   2.7000000e+01
   1.9000000e+01
   3.0000000e+01
   1.6000000e+01
   2.8000000e+01
   1.2000000e+01
   1.3000000e+01
   1.7000000e+01
   2.2000000e+01
   1.4000000e+01
   1.8000000e+01
   1.0000000e+01
   1.1000000e+01
   1.2000000e+01
   6.0000000e+00
   7.0000000e+00
   2.0000000e+00
   7.0000000e+00
   0.0000000e+00
   1.0000000e+00
   3.0000000e+00
   1.0000000e+00
   5.0000000e+00
   0.0000000e+00
   1.0000000e+00
   0.0000000e+00
   1.0000000e+00
   1.0000000e+00
   0.0000000e+00
   0.0000000e+00
   2.0000000e+00
   0.0000000e+00
   0.0000000e+00
   0.0000000e+00
   0.0000000e+00
   0.0000000e+00
   0.0000000e+00
   0.0000000e+00
   0.0000000e+00
   0.0000000e+00
   0.0000000e+00
   0.0000000e+00
   0.0000000e+00
   0.0000000e+00
   0.0000000e+00
   0.0000000e+00
   0.0000000e+00
   0.0000000e+00
   0.0000000e+00
   0.0000000e+00
   0.0000000e+00
   0.0000000e+00
   0.0000000e+00
   0.0000000e+00
   0.0000000e+00
   0.0000000e+00
   0.0000000e+00
   0.0000000e+00
   0.0000000e+00
   0.0000000e+00
   0.0000000e+00
   0.0000000e+00
   0.0000000e+00
   0.0000000e+00
   0.0000000e+00
   0.0000000e+00
   0.0000000e+00
   0.0000000e+00
   0.0000000e+00
   0.0000000e+00
   0.0000000e+00
   0.0000000e+00
   0.0000000e+00
   0.0000000e+00
   0.0000000e+00
   0.0000000e+00
   0.0000000e+00
   0.0000000e+00
   0.0000000e+00
   0.0000000e+00
   0.0000000e+00
   0.0000000e+00
