   0.0000000e+00
   2.0000000e+00
   2.0000000e+00
   2.0000000e+00
   3.0000000e+00
   0.0000000e+00
   3.0000000e+00
   1.0000000e+01
   0.0000000e+00
   2.0000000e+00
   7.0000000e+00
   8.0000000e+00
   2.0000000e+00
   3.0000000e+00
   7.0000000e+00
   6.0000000e+00
   9.0000000e+00
   1.0000000e+00
   6.0000000e+00
   3.0000000e+00
   0.0000000e+00
   6.0000000e+00
   3.0000000e+00
   0.0000000e+00
   2.9000000e+01
   3.0000000e+00
   2.0000000e+00
   7.0000000e+00
   1.0000000e+01
   1.0000000e+00
   7.0000000e+00
   9.0000000e+00
   6.0000000e+00
   4.0000000e+00
   2.0000000e+00
   6.0000000e+00
   6.0000000e+00
   2.0000000e+00
   1.3000000e+01
   1.0000000e+00
   1.4000000e+01
   3.0000000e+00
   7.0000000e+00
   1.1000000e+01
   5.0000000e+00
   1.4000000e+01
   1.0000000e+01
   1.3000000e+01
   1.3000000e+01
   1.4000000e+01
   1.0000000e+01
   4.0000000e+00
   3.0000000e+00
   1.0000000e+01
   7.0000000e+00
   1.4000000e+01
   8.0000000e+00
   1.7000000e+01
   1.9000000e+01
   1.6000000e+01
   2.0000000e+01
   1.3000000e+01
   2.0000000e+01
   1.6000000e+01
   7.0000000e+00
   1.9000000e+01
   2.0000000e+01
   8.0000000e+00
   9.0000000e+00
   1.0000000e+01
   1.7000000e+01
   1.4000000e+01
   1.2000000e+01
   1.3000000e+01
   2.0000000e+01
   2.0000000e+01
   2.8000000e+01
   3.1000000e+01
   1.7000000e+01
   3.8000000e+01
   3.9000000e+01
   2.2000000e+01
   8.0000000e+01
   1.0300000e+02
   2.4700000e+02
   6.3700000e+02
   1.8030000e+03
   3.5710000e+03
   4.4370000e+03
   5.6810000e+03
   6.6110000e+03
   6.9980000e+03
   7.6180000e+03
   7.7770000e+03
   8.9760000e+03
   9.1790000e+03
   9.3110000e+03
   9.8090000e+03
   9.9000000e+03
   1.1825000e+04
   1.0127000e+04
   1.0123000e+04
   1.0093000e+04
   1.0438000e+04
   1.0019000e+04
   9.6100000e+03
   9.2880000e+03
   8.7740000e+03
   8.7840000e+03
   8.4020000e+03
   8.0070000e+03
   7.6030000e+03
   7.6890000e+03
   6.7510000e+03
   5.9200000e+03
   5.5110000e+03
   4.5290000e+03
   3.9300000e+03
   2.9600000e+03
   1.8430000e+03
   9.3000000e+02
   3.2900000e+02
   2.1100000e+02
   9.6000000e+01
   4.5000000e+01
   5.1000000e+01
   3.5000000e+01
   4.5000000e+01
   5.2000000e+01
   2.8000000e+01
   1.8000000e+01
   2.6000000e+01
   2.3000000e+01
   2.3000000e+01
   1.5000000e+01
   1.1000000e+01
   1.6000000e+01
   1.3000000e+01
   1.4000000e+01
   1.2000000e+01
   9.0000000e+00
   1.7000000e+01
   1.0000000e+01
   1.5000000e+01
   2.5000000e+01
   2.2000000e+01
   1.9000000e+01
   6.0000000e+00
   1.7000000e+01
   1.0000000e+01
   7.0000000e+00
   5.0000000e+00
   7.0000000e+00
   2.3000000e+01
   6.0000000e+00
   1.2000000e+01
   2.5000000e+01
   7.0000000e+00
   2.3000000e+01
   1.1000000e+01
   1.5000000e+01
   6.0000000e+00
   1.2000000e+01
   1.5000000e+01
   1.4000000e+01
   9.0000000e+00
   6.0000000e+00
   1.2000000e+01
   8.0000000e+00
   1.7000000e+01
   8.0000000e+00
   7.0000000e+00
   6.0000000e+00
   8.0000000e+00
   1.5000000e+01
   7.0000000e+00
   1.2000000e+01
   5.0000000e+00
   1.0000000e+01
   9.0000000e+00
   4.0000000e+00
   6.0000000e+00
   3.0000000e+00
   1.0000000e+01
   5.0000000e+00
   9.0000000e+00
   7.0000000e+00
   9.0000000e+00
   1.1000000e+01
   3.0000000e+00
   3.0000000e+00
   8.0000000e+00
   2.0000000e+00
   9.0000000e+00
   2.0000000e+00
   8.0000000e+00
   7.0000000e+00
   3.0000000e+00
   3.0000000e+00
   0.0000000e+00
