   0.0000000e+00
   0.0000000e+00
   0.0000000e+00
   0.0000000e+00
   0.0000000e+00
   0.0000000e+00
   0.0000000e+00
   0.0000000e+00
   0.0000000e+00
   0.0000000e+00
   0.0000000e+00
   0.0000000e+00
   0.0000000e+00
   0.0000000e+00
   0.0000000e+00
   0.0000000e+00
   0.0000000e+00
   0.0000000e+00
   0.0000000e+00
   0.0000000e+00
   0.0000000e+00
   0.0000000e+00
   0.0000000e+00
   0.0000000e+00
   0.0000000e+00
   0.0000000e+00
   0.0000000e+00
   0.0000000e+00
   0.0000000e+00
   0.0000000e+00
   0.0000000e+00
   0.0000000e+00
   0.0000000e+00
   0.0000000e+00
   0.0000000e+00
   0.0000000e+00
   0.0000000e+00
   0.0000000e+00
   0.0000000e+00
   0.0000000e+00
   0.0000000e+00
   0.0000000e+00
   0.0000000e+00
   0.0000000e+00
   2.0000000e+00
   2.0000000e+00
   2.0000000e+00
   0.0000000e+00
   2.0000000e+00
   5.0000000e+00
   0.0000000e+00
   1.0000000e+00
   8.0000000e+00
   0.0000000e+00
   0.0000000e+00
   1.0000000e+00
   0.0000000e+00
   2.0000000e+00
   1.0000000e+01
   0.0000000e+00
   1.0000000e+00
   4.0000000e+00
   4.0000000e+00
   4.0000000e+00
   2.0000000e+01
   4.0000000e+00
   9.0000000e+00
   2.0000000e+00
   0.0000000e+00
   1.0000000e+00
   5.0000000e+00
   3.0000000e+00
   1.0000000e+00
   0.0000000e+00
   7.0000000e+00
   1.8000000e+01
   1.3000000e+01
   6.0000000e+00
   7.0000000e+00
   6.0000000e+00
   0.0000000e+00
   1.6000000e+01
   3.0000000e+00
   7.0000000e+00
   9.0000000e+00
   4.0000000e+00
   1.5000000e+01
   4.2000000e+01
   3.5000000e+01
   8.7000000e+01
   1.0400000e+02
   2.0100000e+02
   3.1200000e+02
   5.5000000e+02
   6.9100000e+02
   9.4900000e+02
   1.2180000e+03
   1.4040000e+03
   1.2370000e+03
   1.3670000e+03
   9.9300000e+02
   8.9300000e+02
   4.6500000e+02
   4.0600000e+02
   2.7600000e+02
   2.0900000e+02
   5.2000000e+01
   1.8000000e+01
   1.9000000e+01
   5.0000000e+00
   1.4000000e+01
   5.0000000e+00
   4.0000000e+00
   7.0000000e+00
   1.0000000e+01
   3.0000000e+00
   1.6000000e+01
   0.0000000e+00
   1.0000000e+00
   3.0000000e+00
   4.0000000e+00
   7.0000000e+00
   8.0000000e+00
   1.0000000e+00
   0.0000000e+00
   7.0000000e+00
   0.0000000e+00
   0.0000000e+00
   1.0000000e+00
   0.0000000e+00
   2.0000000e+00
   0.0000000e+00
   0.0000000e+00
   0.0000000e+00
   0.0000000e+00
   2.0000000e+00
   0.0000000e+00
   0.0000000e+00
   0.0000000e+00
   0.0000000e+00
   0.0000000e+00
   1.0000000e+00
   0.0000000e+00
   0.0000000e+00
   0.0000000e+00
   0.0000000e+00
   0.0000000e+00
   0.0000000e+00
   0.0000000e+00
   0.0000000e+00
   0.0000000e+00
   0.0000000e+00
   0.0000000e+00
   0.0000000e+00
   0.0000000e+00
   0.0000000e+00
   0.0000000e+00
   0.0000000e+00
   0.0000000e+00
   0.0000000e+00
   0.0000000e+00
   0.0000000e+00
   0.0000000e+00
   0.0000000e+00
   0.0000000e+00
   0.0000000e+00
   0.0000000e+00
   0.0000000e+00
   0.0000000e+00
   0.0000000e+00
   0.0000000e+00
   0.0000000e+00
   0.0000000e+00
   0.0000000e+00
   0.0000000e+00
   0.0000000e+00
   0.0000000e+00
   0.0000000e+00
   0.0000000e+00
   0.0000000e+00
   0.0000000e+00
   0.0000000e+00
   0.0000000e+00
   0.0000000e+00
   0.0000000e+00
   0.0000000e+00
   0.0000000e+00
   0.0000000e+00
   0.0000000e+00
   0.0000000e+00
   0.0000000e+00
   0.0000000e+00
   0.0000000e+00
   0.0000000e+00
   0.0000000e+00
   0.0000000e+00
   0.0000000e+00
   0.0000000e+00
   0.0000000e+00
   0.0000000e+00
