   2.2000000e+01
   5.2000000e+01
   3.0000000e+01
   3.0000000e+01
   2.7000000e+01
   4.1000000e+01
   3.3000000e+01
   2.1000000e+01
   4.1000000e+01
   5.3000000e+01
   3.8000000e+01
   5.1000000e+01
   3.1000000e+01
   2.9000000e+01
   5.5000000e+01
   4.4000000e+01
   4.8000000e+01
   5.8000000e+01
   4.0000000e+01
   6.6000000e+01
   6.3000000e+01
   5.1000000e+01
   5.5000000e+01
   4.3000000e+01
   4.8000000e+01
   6.0000000e+01
   8.9000000e+01
   7.0000000e+01
   7.6000000e+01
   7.1000000e+01
   6.6000000e+01
   5.8000000e+01
   7.1000000e+01
   6.7000000e+01
   8.5000000e+01
   8.2000000e+01
   6.8000000e+01
   7.0000000e+01
   8.2000000e+01
   7.3000000e+01
   8.0000000e+01
   7.4000000e+01
   5.5000000e+01
   5.8000000e+01
   8.0000000e+01
   8.8000000e+01
   7.0000000e+01
   8.2000000e+01
   1.0700000e+02
   7.5000000e+01
   5.8000000e+01
   8.1000000e+01
   9.3000000e+01
   9.7000000e+01
   8.5000000e+01
   9.6000000e+01
   9.0000000e+01
   9.5000000e+01
   9.0000000e+01
   9.2000000e+01
   1.0100000e+02
   1.0900000e+02
   9.6000000e+01
   1.0300000e+02
   1.4400000e+02
   1.1400000e+02
   1.7200000e+02
   1.6500000e+02
   2.0600000e+02
   2.3600000e+02
   3.1500000e+02
   4.3400000e+02
   7.7400000e+02
   7.4100000e+02
   9.5200000e+02
   1.1640000e+03
   1.2950000e+03
   1.5330000e+03
   1.7510000e+03
   1.8170000e+03
   2.2530000e+03
   2.2540000e+03
   2.5600000e+03
   2.9030000e+03
   2.9390000e+03
   3.0490000e+03
   3.2350000e+03
   3.4330000e+03
   3.6690000e+03
   3.6810000e+03
   3.7550000e+03
   3.8140000e+03
   3.9960000e+03
   3.9070000e+03
   3.9570000e+03
   3.8920000e+03
   4.1650000e+03
   3.8470000e+03
   3.9450000e+03
   4.6730000e+03
   4.0610000e+03
   3.9900000e+03
   3.8350000e+03
   3.8450000e+03
   3.9880000e+03
   3.7370000e+03
   3.7820000e+03
   3.7850000e+03
   3.8650000e+03
   3.6020000e+03
   3.5750000e+03
   3.4650000e+03
   3.4600000e+03
   3.3740000e+03
   3.0620000e+03
   2.7070000e+03
   2.5840000e+03
   2.4330000e+03
   2.1270000e+03
   2.0670000e+03
   1.6570000e+03
   1.6590000e+03
   1.3610000e+03
   1.1960000e+03
   1.0910000e+03
   8.4300000e+02
   6.2100000e+02
   5.7600000e+02
   4.5500000e+02
   2.5900000e+02
   2.5400000e+02
   2.4100000e+02
   1.5500000e+02
   1.7500000e+02
   1.6600000e+02
   1.1900000e+02
   9.1000000e+01
   1.3100000e+02
   1.1000000e+02
   6.7000000e+01
   9.9000000e+01
   8.2000000e+01
   1.0500000e+02
   7.8000000e+01
   6.9000000e+01
   8.7000000e+01
   6.6000000e+01
   7.6000000e+01
   6.8000000e+01
   9.1000000e+01
   6.8000000e+01
   7.6000000e+01
   5.8000000e+01
   6.5000000e+01
   5.4000000e+01
   4.0000000e+01
   6.6000000e+01
   6.9000000e+01
   6.0000000e+01
   5.0000000e+01
   5.7000000e+01
   4.2000000e+01
   4.3000000e+01
   7.3000000e+01
   6.0000000e+01
   5.8000000e+01
   5.4000000e+01
   4.6000000e+01
   6.6000000e+01
   3.7000000e+01
   6.3000000e+01
   4.3000000e+01
   6.4000000e+01
   4.0000000e+01
   4.3000000e+01
   3.9000000e+01
   4.3000000e+01
   5.0000000e+01
   5.5000000e+01
   3.3000000e+01
   3.0000000e+01
   3.2000000e+01
   2.9000000e+01
   3.6000000e+01
   4.7000000e+01
   3.1000000e+01
   2.3000000e+01
   2.3000000e+01
   2.7000000e+01
   2.6000000e+01
   3.0000000e+01
   3.2000000e+01
   3.2000000e+01
   1.9000000e+01
   1.5000000e+01
   2.0000000e+01
   2.2000000e+01
   1.6000000e+01
   2.3000000e+01
   1.0000000e+01
