   7.0000000e+00
   8.0000000e+00
   8.0000000e+00
   2.8000000e+01
   1.2000000e+01
   1.8000000e+01
   1.5000000e+01
   2.7000000e+01
   1.5000000e+01
   1.8000000e+01
   1.2000000e+01
   3.2000000e+01
   6.0000000e+00
   2.6000000e+01
   1.4000000e+01
   1.0000000e+01
   2.6000000e+01
   1.6000000e+01
   2.2000000e+01
   3.0000000e+00
   4.0000000e+00
   2.3000000e+01
   1.5000000e+01
   1.7000000e+01
   1.0000000e+01
   1.5000000e+01
   3.4000000e+01
   2.1000000e+01
   1.8000000e+01
   1.4000000e+01
   3.2000000e+01
   3.2000000e+01
   1.6000000e+01
   1.2000000e+01
   3.0000000e+01
   2.6000000e+01
   3.8000000e+01
   2.2000000e+01
   3.5000000e+01
   4.3000000e+01
   3.1000000e+01
   4.4000000e+01
   2.4000000e+01
   3.2000000e+01
   5.6000000e+01
   3.4000000e+01
   3.8000000e+01
   2.9000000e+01
   3.3000000e+01
   3.0000000e+01
   3.6000000e+01
   3.3000000e+01
   3.2000000e+01
   2.9000000e+01
   3.3000000e+01
   3.1000000e+01
   3.7000000e+01
   4.5000000e+01
   4.1000000e+01
   4.7000000e+01
   3.3000000e+01
   4.9000000e+01
   4.2000000e+01
   5.8000000e+01
   3.6000000e+01
   4.6000000e+01
   5.1000000e+01
   7.5000000e+01
   6.6000000e+01
   6.7000000e+01
   9.9000000e+01
   1.3900000e+02
   2.3700000e+02
   2.8600000e+02
   2.7100000e+02
   4.6000000e+02
   4.9200000e+02
   5.6500000e+02
   6.4100000e+02
   7.6300000e+02
   9.0700000e+02
   8.7700000e+02
   1.0380000e+03
   1.1420000e+03
   1.2580000e+03
   1.3050000e+03
   1.3230000e+03
   1.5900000e+03
   1.6020000e+03
   1.6710000e+03
   1.9120000e+03
   1.9100000e+03
   1.9280000e+03
   2.0160000e+03
   2.1780000e+03
   2.1720000e+03
   2.1820000e+03
   2.1930000e+03
   2.2030000e+03
   2.5040000e+03
   2.4820000e+03
   2.3130000e+03
   2.3200000e+03
   2.2030000e+03
   2.3980000e+03
   2.3250000e+03
   2.2550000e+03
   2.0150000e+03
   1.9390000e+03
   2.0260000e+03
   1.9100000e+03
   1.8360000e+03
   1.7970000e+03
   1.7430000e+03
   1.5990000e+03
   1.3940000e+03
   1.2770000e+03
   1.2600000e+03
   1.0010000e+03
   1.0940000e+03
   8.3800000e+02
   7.6500000e+02
   5.3400000e+02
   5.3900000e+02
   4.8500000e+02
   4.0300000e+02
   2.9200000e+02
   2.3800000e+02
   2.3400000e+02
   1.4400000e+02
   1.4100000e+02
   1.2100000e+02
   7.4000000e+01
   5.7000000e+01
   5.3000000e+01
   6.0000000e+01
   5.5000000e+01
   5.1000000e+01
   3.7000000e+01
   3.6000000e+01
   5.6000000e+01
   2.6000000e+01
   5.3000000e+01
   4.3000000e+01
   1.4000000e+01
   2.1000000e+01
   2.7000000e+01
   3.2000000e+01
   2.7000000e+01
   2.1000000e+01
   2.6000000e+01
   2.9000000e+01
   3.5000000e+01
   2.9000000e+01
   2.4000000e+01
   1.8000000e+01
   3.8000000e+01
   2.5000000e+01
   2.5000000e+01
   1.5000000e+01
   1.9000000e+01
   2.4000000e+01
   2.1000000e+01
   3.8000000e+01
   1.7000000e+01
   2.2000000e+01
   2.1000000e+01
   1.8000000e+01
   2.1000000e+01
   2.6000000e+01
   1.3000000e+01
   2.2000000e+01
   1.1000000e+01
   2.4000000e+01
   1.5000000e+01
   1.0000000e+01
   1.5000000e+01
   1.2000000e+01
   3.7000000e+01
   1.4000000e+01
   4.0000000e+00
   6.0000000e+00
   2.8000000e+01
   1.5000000e+01
   1.2000000e+01
   2.6000000e+01
   1.3000000e+01
   4.0000000e+00
   6.0000000e+00
   1.7000000e+01
   1.2000000e+01
   6.0000000e+00
   1.1000000e+01
   1.7000000e+01
   1.0000000e+01
   2.0000000e+01
   6.0000000e+00
   8.0000000e+00
   2.0000000e+00
   2.0000000e+00
