   6.3770000e+03
   1.2828000e+04
   1.2640000e+04
   1.2961000e+04
   1.2998000e+04
   1.3058000e+04
   1.3392000e+04
   1.3539000e+04
   1.3624000e+04
   1.3654000e+04
   1.3685000e+04
   1.3875000e+04
   1.4183000e+04
   1.4220000e+04
   1.4319000e+04
   1.4243000e+04
   1.4775000e+04
   1.4946000e+04
   1.4913000e+04
   1.4994000e+04
   1.5133000e+04
   1.5483000e+04
   1.5147000e+04
   1.5423000e+04
   1.5567000e+04
   1.5826000e+04
   1.6064000e+04
   1.5974000e+04
   1.6117000e+04
   1.6230000e+04
   1.6301000e+04
   1.6346000e+04
   1.6305000e+04
   1.6607000e+04
   1.6870000e+04
   1.6822000e+04
   1.7116000e+04
   1.7090000e+04
   1.7160000e+04
   1.7342000e+04
   1.7487000e+04
   1.7512000e+04
   1.7719000e+04
   1.7716000e+04
   1.7884000e+04
   1.8076000e+04
   1.7919000e+04
   1.7950000e+04
   1.8282000e+04
   1.8491000e+04
   1.8642000e+04
   1.8561000e+04
   1.8582000e+04
   1.8851000e+04
   1.9038000e+04
   1.8907000e+04
   1.8992000e+04
   1.9172000e+04
   1.9336000e+04
   1.9472000e+04
   1.9557000e+04
   1.9695000e+04
   1.9777000e+04
   1.9602000e+04
   1.9793000e+04
   2.0231000e+04
   2.0104000e+04
   2.0307000e+04
   2.0271000e+04
   2.0485000e+04
   2.0362000e+04
   2.0682000e+04
   2.0723000e+04
   2.0451000e+04
   2.0949000e+04
   2.0683000e+04
   2.0940000e+04
   2.1207000e+04
   2.1329000e+04
   2.1136000e+04
   2.1450000e+04
   2.1564000e+04
   2.1785000e+04
   2.1895000e+04
   2.2711000e+04
   2.3452000e+04
   2.5169000e+04
   2.8102000e+04
   3.3977000e+04
   4.4258000e+04
   6.2476000e+04
   9.1149000e+04
   1.3321800e+05
   1.9256900e+05
   2.7101600e+05
   3.5763400e+05
   4.2936200e+05
   4.6473500e+05
   4.5552000e+05
   4.5758100e+05
   3.4071100e+05
   2.7548700e+05
   2.1777600e+05
   1.6886300e+05
   1.2880600e+05
   9.6717000e+04
   7.1608000e+04
   5.3529000e+04
   4.0850000e+04
   3.2528000e+04
   2.7123000e+04
   2.4452000e+04
   2.3184000e+04
   2.2395000e+04
   2.1964000e+04
   2.1787000e+04
   2.1645000e+04
   2.1474000e+04
   2.1383000e+04
   2.1447000e+04
   2.1166000e+04
   2.1333000e+04
   2.0754000e+04
   2.0906000e+04
   2.0998000e+04
   2.0747000e+04
   2.0707000e+04
   2.0658000e+04
   2.0459000e+04
   2.0664000e+04
   2.0733000e+04
   2.0184000e+04
   2.0249000e+04
   2.0207000e+04
   1.9815000e+04
   1.9981000e+04
   1.9644000e+04
   1.9816000e+04
   1.9536000e+04
   1.9680000e+04
   1.9573000e+04
   1.9466000e+04
   1.9317000e+04
   1.9210000e+04
   1.9265000e+04
   1.9107000e+04
   1.8960000e+04
   1.8773000e+04
   1.8736000e+04
   1.8402000e+04
   1.8301000e+04
   1.8423000e+04
   1.8382000e+04
   1.8245000e+04
   1.8245000e+04
   1.8246000e+04
   1.7835000e+04
   1.7677000e+04
   1.7717000e+04
   1.8073000e+04
   1.7457000e+04
   1.7423000e+04
   1.7269000e+04
   1.7236000e+04
   1.7128000e+04
   1.6960000e+04
   1.6661000e+04
   1.6815000e+04
   1.6655000e+04
   1.6436000e+04
   1.6546000e+04
   1.6245000e+04
   1.6181000e+04
   1.6063000e+04
   1.6137000e+04
   1.5936000e+04
   1.5959000e+04
   1.5564000e+04
   1.5536000e+04
   1.5317000e+04
   1.5261000e+04
   1.5288000e+04
   1.5098000e+04
   1.5335000e+04
   1.4853000e+04
   1.4911000e+04
   1.4574000e+04
   1.4673000e+04
   1.4369000e+04
   1.4208000e+04
   1.4311000e+04
   1.3927000e+04
   1.4087000e+04
   1.3923000e+04
   1.3515000e+04
   1.3560000e+04
   1.3413000e+04
   1.3398000e+04
   1.3316000e+04
   6.7730000e+03
