   6.0000000e+00
   2.4000000e+01
   1.5000000e+01
   1.0000000e+01
   7.0000000e+00
   9.0000000e+00
   2.3000000e+01
   5.0000000e+00
   1.7000000e+01
   1.4000000e+01
   1.2000000e+01
   3.2000000e+01
   1.5000000e+01
   1.0000000e+01
   9.0000000e+00
   1.6000000e+01
   2.1000000e+01
   8.0000000e+00
   1.5000000e+01
   1.2000000e+01
   2.5000000e+01
   2.9000000e+01
   1.8000000e+01
   2.2000000e+01
   2.2000000e+01
   4.3000000e+01
   2.1000000e+01
   3.4000000e+01
   2.7000000e+01
   2.6000000e+01
   4.0000000e+01
   2.9000000e+01
   4.2000000e+01
   4.7000000e+01
   3.8000000e+01
   4.4000000e+01
   3.4000000e+01
   3.2000000e+01
   4.3000000e+01
   4.7000000e+01
   4.3000000e+01
   3.9000000e+01
   4.1000000e+01
   5.4000000e+01
   4.8000000e+01
   4.2000000e+01
   4.0000000e+01
   4.4000000e+01
   4.5000000e+01
   4.6000000e+01
   7.2000000e+01
   7.2000000e+01
   3.8000000e+01
   6.2000000e+01
   9.1000000e+01
   4.6000000e+01
   7.9000000e+01
   7.4000000e+01
   7.3000000e+01
   7.5000000e+01
   7.6000000e+01
   6.9000000e+01
   5.4000000e+01
   5.3000000e+01
   6.7000000e+01
   5.3000000e+01
   5.9000000e+01
   6.8000000e+01
   6.7000000e+01
   6.7000000e+01
   9.3000000e+01
   9.2000000e+01
   6.1000000e+01
   1.0200000e+02
   9.5000000e+01
   7.6000000e+01
   9.9000000e+01
   1.0400000e+02
   1.1000000e+02
   1.1100000e+02
   1.2400000e+02
   9.9000000e+01
   1.5300000e+02
   1.6100000e+02
   2.6000000e+02
   4.2200000e+02
   8.7300000e+02
   1.6540000e+03
   2.9120000e+03
   3.7130000e+03
   4.1440000e+03
   4.6820000e+03
   4.9310000e+03
   5.4430000e+03
   5.5730000e+03
   6.0600000e+03
   6.6130000e+03
   6.3910000e+03
   6.4910000e+03
   7.2220000e+03
   6.6140000e+03
   6.8770000e+03
   6.4500000e+03
   6.3930000e+03
   6.3750000e+03
   5.8530000e+03
   6.0590000e+03
   5.6650000e+03
   5.4250000e+03
   5.0890000e+03
   4.5520000e+03
   4.3440000e+03
   4.3700000e+03
   3.6960000e+03
   3.4400000e+03
   2.9990000e+03
   2.5760000e+03
   2.2270000e+03
   1.8660000e+03
   1.1820000e+03
   6.7600000e+02
   4.0700000e+02
   1.8700000e+02
   1.9400000e+02
   1.5900000e+02
   1.1000000e+02
   1.0400000e+02
   1.3500000e+02
   1.0600000e+02
   1.0100000e+02
   7.8000000e+01
   8.4000000e+01
   1.0500000e+02
   1.0100000e+02
   9.6000000e+01
   1.0300000e+02
   8.6000000e+01
   8.3000000e+01
   7.6000000e+01
   7.0000000e+01
   1.0300000e+02
   8.1000000e+01
   6.4000000e+01
   7.8000000e+01
   7.4000000e+01
   6.5000000e+01
   7.5000000e+01
   6.8000000e+01
   7.2000000e+01
   6.1000000e+01
   7.2000000e+01
   7.2000000e+01
   7.5000000e+01
   7.3000000e+01
   5.5000000e+01
   9.8000000e+01
   5.1000000e+01
   5.7000000e+01
   5.2000000e+01
   5.8000000e+01
   7.0000000e+01
   5.4000000e+01
   6.8000000e+01
   6.6000000e+01
   4.5000000e+01
   5.7000000e+01
   6.3000000e+01
   5.1000000e+01
   4.2000000e+01
   3.4000000e+01
   4.3000000e+01
   6.0000000e+01
   4.6000000e+01
   2.8000000e+01
   4.6000000e+01
   3.6000000e+01
   4.0000000e+01
   4.7000000e+01
   3.6000000e+01
   2.1000000e+01
   3.0000000e+01
   3.5000000e+01
   4.5000000e+01
   2.5000000e+01
   1.6000000e+01
   2.0000000e+01
   2.0000000e+01
   2.0000000e+01
   1.3000000e+01
   1.6000000e+01
   2.4000000e+01
   2.5000000e+01
   1.8000000e+01
   1.1000000e+01
   6.0000000e+00
   1.5000000e+01
   2.3000000e+01
   1.1000000e+01
   1.6000000e+01
   2.0000000e+00
