   0.0000000e+00
   0.0000000e+00
   0.0000000e+00
   0.0000000e+00
   0.0000000e+00
   0.0000000e+00
   0.0000000e+00
   0.0000000e+00
   0.0000000e+00
   0.0000000e+00
   0.0000000e+00
   0.0000000e+00
   2.0000000e+00
   8.0000000e+00
   0.0000000e+00
   5.0000000e+00
   9.0000000e+00
   1.8000000e+01
   1.0000000e+01
   2.7000000e+01
   2.9000000e+01
   3.0000000e+01
   4.4000000e+01
   5.9000000e+01
   5.0000000e+01
   5.5000000e+01
   9.2000000e+01
   1.2700000e+02
   1.0200000e+02
   1.1900000e+02
   1.2800000e+02
   1.5100000e+02
   1.6900000e+02
   1.8100000e+02
   2.1000000e+02
   2.5700000e+02
   2.5400000e+02
   2.8100000e+02
   2.9800000e+02
   2.9300000e+02
   3.7600000e+02
   3.6100000e+02
   3.5700000e+02
   4.2900000e+02
   3.7200000e+02
   3.7800000e+02
   4.7600000e+02
   5.0000000e+02
   5.2300000e+02
   6.1500000e+02
   5.8000000e+02
   5.9200000e+02
   5.3500000e+02
   5.8000000e+02
   6.4300000e+02
   5.5600000e+02
   6.2600000e+02
   6.5800000e+02
   6.1300000e+02
   7.7700000e+02
   7.7800000e+02
   7.5900000e+02
   7.1200000e+02
   8.2400000e+02
   8.0800000e+02
   7.5200000e+02
   8.4700000e+02
   8.5600000e+02
   9.3300000e+02
   9.6100000e+02
   8.1100000e+02
   9.8300000e+02
   9.7500000e+02
   9.3200000e+02
   9.6900000e+02
   9.5000000e+02
   9.3900000e+02
   1.0140000e+03
   9.2800000e+02
   9.0500000e+02
   1.0160000e+03
   9.5400000e+02
   1.0640000e+03
   1.0960000e+03
   1.0820000e+03
   1.2040000e+03
   1.5500000e+03
   2.0160000e+03
   2.8610000e+03
   4.6900000e+03
   6.9970000e+03
   1.1558000e+04
   1.7432000e+04
   2.4997000e+04
   3.4639000e+04
   4.4356000e+04
   4.9877000e+04
   4.9688000e+04
   4.3274000e+04
   3.6502000e+04
   2.2148000e+04
   1.4313000e+04
   8.2220000e+03
   4.7280000e+03
   2.4860000e+03
   1.1260000e+03
   6.5500000e+02
   4.9200000e+02
   4.2300000e+02
   3.7300000e+02
   3.3300000e+02
   2.1800000e+02
   3.3000000e+02
   2.1300000e+02
   2.1700000e+02
   2.0200000e+02
   1.2300000e+02
   1.8700000e+02
   1.3200000e+02
   1.1900000e+02
   1.1700000e+02
   1.1000000e+02
   6.3000000e+01
   5.5000000e+01
   4.9000000e+01
   5.4000000e+01
   5.5000000e+01
   5.4000000e+01
   3.5000000e+01
   2.4000000e+01
   3.1000000e+01
   1.2000000e+01
   2.5000000e+01
   1.2000000e+01
   6.0000000e+00
   1.4000000e+01
   2.0000000e+00
   5.0000000e+00
   8.0000000e+00
   1.0000000e+00
   4.0000000e+00
   7.0000000e+00
   0.0000000e+00
   1.0000000e+00
   1.0000000e+00
   0.0000000e+00
   5.0000000e+00
   1.0000000e+00
   0.0000000e+00
   4.0000000e+00
   0.0000000e+00
   0.0000000e+00
   0.0000000e+00
   0.0000000e+00
   0.0000000e+00
   0.0000000e+00
   0.0000000e+00
   0.0000000e+00
   0.0000000e+00
   0.0000000e+00
   0.0000000e+00
   0.0000000e+00
   0.0000000e+00
   0.0000000e+00
   0.0000000e+00
   0.0000000e+00
   0.0000000e+00
   0.0000000e+00
   0.0000000e+00
   0.0000000e+00
   0.0000000e+00
   0.0000000e+00
   0.0000000e+00
   0.0000000e+00
   0.0000000e+00
   0.0000000e+00
   0.0000000e+00
   0.0000000e+00
   0.0000000e+00
   0.0000000e+00
   0.0000000e+00
   0.0000000e+00
   0.0000000e+00
   0.0000000e+00
   0.0000000e+00
   0.0000000e+00
   0.0000000e+00
   0.0000000e+00
   0.0000000e+00
   0.0000000e+00
   0.0000000e+00
   0.0000000e+00
   0.0000000e+00
   0.0000000e+00
   0.0000000e+00
   0.0000000e+00
   0.0000000e+00
   0.0000000e+00
   0.0000000e+00
   0.0000000e+00
