   0.0000000e+00
   0.0000000e+00
   0.0000000e+00
   0.0000000e+00
   0.0000000e+00
   0.0000000e+00
   0.0000000e+00
   0.0000000e+00
   0.0000000e+00
   0.0000000e+00
   0.0000000e+00
   1.0000000e+00
   0.0000000e+00
   2.0000000e+00
   0.0000000e+00
   5.0000000e+00
   0.0000000e+00
   9.0000000e+00
   5.0000000e+00
   5.0000000e+00
   3.0000000e+00
   1.0000000e+01
   2.0000000e+01
   1.4000000e+01
   9.0000000e+00
   3.3000000e+01
   1.1000000e+01
   2.1000000e+01
   2.3000000e+01
   3.9000000e+01
   2.9000000e+01
   5.1000000e+01
   4.3000000e+01
   4.6000000e+01
   5.9000000e+01
   4.1000000e+01
   5.2000000e+01
   8.9000000e+01
   6.5000000e+01
   7.2000000e+01
   1.0200000e+02
   1.1000000e+02
   1.2300000e+02
   1.1600000e+02
   9.8000000e+01
   1.5700000e+02
   1.3100000e+02
   1.1100000e+02
   1.4700000e+02
   1.3600000e+02
   1.7400000e+02
   1.4400000e+02
   1.6300000e+02
   1.2900000e+02
   1.6000000e+02
   1.3700000e+02
   1.9000000e+02
   1.9400000e+02
   1.8700000e+02
   1.8600000e+02
   2.2900000e+02
   2.1700000e+02
   2.3300000e+02
   2.7900000e+02
   3.0600000e+02
   2.2300000e+02
   2.5200000e+02
   2.9000000e+02
   3.2400000e+02
   2.9500000e+02
   3.1300000e+02
   3.2200000e+02
   3.1300000e+02
   3.5500000e+02
   3.8000000e+02
   3.7000000e+02
   3.3700000e+02
   3.6100000e+02
   4.4800000e+02
   4.4200000e+02
   4.6000000e+02
   4.7500000e+02
   4.5400000e+02
   6.0200000e+02
   8.2900000e+02
   1.1540000e+03
   1.5590000e+03
   2.2050000e+03
   3.1030000e+03
   4.6100000e+03
   6.2350000e+03
   8.1600000e+03
   1.0175000e+04
   1.1660000e+04
   1.2571000e+04
   1.2784000e+04
   1.2856000e+04
   1.1844000e+04
   1.0522000e+04
   1.0276000e+04
   7.7620000e+03
   6.5610000e+03
   5.1660000e+03
   3.9070000e+03
   3.0590000e+03
   2.3320000e+03
   1.6600000e+03
   1.1820000e+03
   8.1000000e+02
   5.8100000e+02
   4.3400000e+02
   3.1700000e+02
   2.1700000e+02
   2.2000000e+02
   1.4900000e+02
   1.4400000e+02
   1.0900000e+02
   1.0200000e+02
   9.2000000e+01
   7.8000000e+01
   6.9000000e+01
   6.4000000e+01
   4.6000000e+01
   4.7000000e+01
   5.4000000e+01
   3.8000000e+01
   2.5000000e+01
   4.7000000e+01
   2.4000000e+01
   2.7000000e+01
   1.7000000e+01
   3.2000000e+01
   1.5000000e+01
   1.9000000e+01
   2.0000000e+01
   1.2000000e+01
   1.0000000e+01
   1.0000000e+01
   5.0000000e+00
   8.0000000e+00
   1.4000000e+01
   5.0000000e+00
   6.0000000e+00
   1.5000000e+01
   2.0000000e+00
   6.0000000e+00
   3.0000000e+00
   3.0000000e+00
   3.0000000e+00
   0.0000000e+00
   0.0000000e+00
   0.0000000e+00
   4.0000000e+00
   0.0000000e+00
   0.0000000e+00
   0.0000000e+00
   0.0000000e+00
   0.0000000e+00
   0.0000000e+00
   0.0000000e+00
   0.0000000e+00
   0.0000000e+00
   0.0000000e+00
   0.0000000e+00
   0.0000000e+00
   0.0000000e+00
   0.0000000e+00
   0.0000000e+00
   0.0000000e+00
   0.0000000e+00
   0.0000000e+00
   0.0000000e+00
   0.0000000e+00
   0.0000000e+00
   0.0000000e+00
   0.0000000e+00
   0.0000000e+00
   0.0000000e+00
   0.0000000e+00
   0.0000000e+00
   0.0000000e+00
   0.0000000e+00
   0.0000000e+00
   0.0000000e+00
   0.0000000e+00
   0.0000000e+00
   0.0000000e+00
   0.0000000e+00
   0.0000000e+00
   0.0000000e+00
   0.0000000e+00
   0.0000000e+00
   0.0000000e+00
   0.0000000e+00
   0.0000000e+00
   0.0000000e+00
   0.0000000e+00
   0.0000000e+00
   0.0000000e+00
   0.0000000e+00
