   0.0000000e+00
   0.0000000e+00
   0.0000000e+00
   0.0000000e+00
   0.0000000e+00
   0.0000000e+00
   0.0000000e+00
   0.0000000e+00
   0.0000000e+00
   0.0000000e+00
   0.0000000e+00
   0.0000000e+00
   0.0000000e+00
   0.0000000e+00
   0.0000000e+00
   6.0000000e+00
   8.0000000e+00
   1.0000000e+00
   1.0000000e+00
   3.0000000e+00
   5.0000000e+00
   9.0000000e+00
   1.0000000e+01
   1.9000000e+01
   7.0000000e+00
   1.7000000e+01
   8.0000000e+00
   2.7000000e+01
   1.8000000e+01
   1.4000000e+01
   1.8000000e+01
   2.5000000e+01
   3.8000000e+01
   3.3000000e+01
   3.6000000e+01
   3.1000000e+01
   2.6000000e+01
   6.7000000e+01
   6.3000000e+01
   6.2000000e+01
   4.5000000e+01
   7.1000000e+01
   5.3000000e+01
   6.2000000e+01
   6.7000000e+01
   9.9000000e+01
   7.8000000e+01
   7.0000000e+01
   8.5000000e+01
   1.0400000e+02
   1.2400000e+02
   1.3600000e+02
   1.2000000e+02
   1.3100000e+02
   1.0600000e+02
   1.3000000e+02
   1.2800000e+02
   1.4000000e+02
   1.7100000e+02
   2.0500000e+02
   1.2700000e+02
   1.8100000e+02
   2.0200000e+02
   1.8100000e+02
   1.8000000e+02
   2.0100000e+02
   1.6600000e+02
   1.8800000e+02
   2.4300000e+02
   2.0400000e+02
   1.9900000e+02
   2.1600000e+02
   2.5400000e+02
   2.5900000e+02
   2.4600000e+02
   2.8400000e+02
   3.0100000e+02
   3.2400000e+02
   2.7800000e+02
   3.0800000e+02
   3.0700000e+02
   2.6900000e+02
   2.8700000e+02
   3.2800000e+02
   3.6400000e+02
   4.0300000e+02
   4.2300000e+02
   5.8900000e+02
   8.9100000e+02
   1.4960000e+03
   2.7570000e+03
   4.3650000e+03
   7.1400000e+03
   9.8360000e+03
   1.2733000e+04
   1.4346000e+04
   1.4935000e+04
   1.5129000e+04
   1.4675000e+04
   1.4655000e+04
   1.1059000e+04
   9.5260000e+03
   7.5180000e+03
   5.9530000e+03
   4.1580000e+03
   2.8670000e+03
   1.8410000e+03
   1.1480000e+03
   6.0300000e+02
   3.9200000e+02
   1.9800000e+02
   1.4100000e+02
   1.2800000e+02
   9.2000000e+01
   8.9000000e+01
   6.8000000e+01
   6.5000000e+01
   5.6000000e+01
   6.7000000e+01
   6.9000000e+01
   4.2000000e+01
   3.8000000e+01
   2.9000000e+01
   3.2000000e+01
   3.7000000e+01
   3.2000000e+01
   3.1000000e+01
   1.8000000e+01
   2.3000000e+01
   1.8000000e+01
   7.0000000e+00
   5.0000000e+00
   1.1000000e+01
   7.0000000e+00
   1.4000000e+01
   6.0000000e+00
   1.7000000e+01
   6.0000000e+00
   5.0000000e+00
   2.0000000e+00
   3.0000000e+00
   5.0000000e+00
   3.0000000e+00
   1.0000000e+00
   4.0000000e+00
   0.0000000e+00
   2.0000000e+00
   0.0000000e+00
   0.0000000e+00
   0.0000000e+00
   1.0000000e+00
   0.0000000e+00
   0.0000000e+00
   0.0000000e+00
   0.0000000e+00
   0.0000000e+00
   0.0000000e+00
   0.0000000e+00
   0.0000000e+00
   0.0000000e+00
   0.0000000e+00
   0.0000000e+00
   0.0000000e+00
   0.0000000e+00
   0.0000000e+00
   0.0000000e+00
   0.0000000e+00
   0.0000000e+00
   0.0000000e+00
   0.0000000e+00
   0.0000000e+00
   0.0000000e+00
   0.0000000e+00
   0.0000000e+00
   0.0000000e+00
   0.0000000e+00
   0.0000000e+00
   0.0000000e+00
   0.0000000e+00
   0.0000000e+00
   0.0000000e+00
   0.0000000e+00
   0.0000000e+00
   0.0000000e+00
   0.0000000e+00
   0.0000000e+00
   0.0000000e+00
   0.0000000e+00
   0.0000000e+00
   0.0000000e+00
   0.0000000e+00
   0.0000000e+00
   0.0000000e+00
   0.0000000e+00
   0.0000000e+00
   0.0000000e+00
   0.0000000e+00
   0.0000000e+00
   0.0000000e+00
   0.0000000e+00
