   0.0000000e+00
   3.6714427e-03
   4.0978709e-03
   5.0536340e-03
   5.2538488e-03
   3.8293297e-03
   3.4178662e-03
   2.5002729e-03
   2.0137587e-03
   2.8955325e-03
   3.0595487e-03
   1.1302265e-03
   1.5290755e-03
   1.6863296e-03
   0.0000000e+00
   0.0000000e+00
   0.0000000e+00
   0.0000000e+00
   0.0000000e+00
   0.0000000e+00
   0.0000000e+00
   0.0000000e+00
   0.0000000e+00
   0.0000000e+00
   0.0000000e+00
   0.0000000e+00
   0.0000000e+00
   0.0000000e+00
   1.2200053e-03
   0.0000000e+00
   0.0000000e+00
   0.0000000e+00
   0.0000000e+00
   0.0000000e+00
   0.0000000e+00
   0.0000000e+00
   0.0000000e+00
   0.0000000e+00
   0.0000000e+00
   0.0000000e+00
   0.0000000e+00
   0.0000000e+00
   0.0000000e+00
   0.0000000e+00
   0.0000000e+00
   0.0000000e+00
   0.0000000e+00
   0.0000000e+00
   0.0000000e+00
   0.0000000e+00
   0.0000000e+00
   0.0000000e+00
   0.0000000e+00
   0.0000000e+00
   0.0000000e+00
   0.0000000e+00
   0.0000000e+00
   0.0000000e+00
   0.0000000e+00
   0.0000000e+00
   0.0000000e+00
   0.0000000e+00
   0.0000000e+00
   0.0000000e+00
   0.0000000e+00
   0.0000000e+00
   0.0000000e+00
   0.0000000e+00
   0.0000000e+00
   0.0000000e+00
   0.0000000e+00
   0.0000000e+00
   1.3438531e-03
   0.0000000e+00
   0.0000000e+00
   0.0000000e+00
   0.0000000e+00
   0.0000000e+00
   0.0000000e+00
   2.5616451e-03
   1.1494681e-03
   0.0000000e+00
   2.6793966e-03
   4.5633630e-03
   6.7650365e-03
   1.5232670e-02
   2.5839522e-02
   4.5607100e-02
   8.5131911e-02
   1.5860058e-01
   2.8288286e-01
   4.7128107e-01
   7.3138359e-01
   1.0724265e+00
   1.4237411e+00
   1.6984392e+00
   1.7948411e+00
   1.6999468e+00
   1.4909552e+00
   1.3840743e+00
   9.6145249e-01
   7.4746574e-01
   5.7651529e-01
   4.2951684e-01
   3.1377911e-01
   2.2265849e-01
   1.5083406e-01
   9.8562787e-02
   6.2383055e-02
   3.7457653e-02
   2.0151118e-02
   1.0652403e-02
   4.0713932e-03
   3.1365768e-03
   2.4892349e-03
   4.5782036e-03
   2.2383699e-03
   0.0000000e+00
   2.1094964e-03
   1.7128997e-03
   0.0000000e+00
   0.0000000e+00
   0.0000000e+00
   1.3460261e-03
   0.0000000e+00
   0.0000000e+00
   0.0000000e+00
   0.0000000e+00
   0.0000000e+00
   0.0000000e+00
   0.0000000e+00
   0.0000000e+00
   0.0000000e+00
   0.0000000e+00
   0.0000000e+00
   0.0000000e+00
   0.0000000e+00
   0.0000000e+00
   0.0000000e+00
   0.0000000e+00
   0.0000000e+00
   0.0000000e+00
   0.0000000e+00
   0.0000000e+00
   0.0000000e+00
   0.0000000e+00
   0.0000000e+00
   0.0000000e+00
   0.0000000e+00
   0.0000000e+00
   0.0000000e+00
   0.0000000e+00
   0.0000000e+00
   0.0000000e+00
   0.0000000e+00
   0.0000000e+00
   0.0000000e+00
   0.0000000e+00
   0.0000000e+00
   0.0000000e+00
   0.0000000e+00
   0.0000000e+00
   0.0000000e+00
   0.0000000e+00
   0.0000000e+00
   0.0000000e+00
   0.0000000e+00
   0.0000000e+00
   0.0000000e+00
   0.0000000e+00
   0.0000000e+00
   0.0000000e+00
   0.0000000e+00
   0.0000000e+00
   0.0000000e+00
   0.0000000e+00
   1.2751302e-03
   0.0000000e+00
   0.0000000e+00
   0.0000000e+00
   0.0000000e+00
   1.8810489e-03
   1.6296567e-03
   1.5145763e-03
   2.0497610e-03
   0.0000000e+00
   2.2139499e-03
   1.9941170e-03
   3.8152461e-03
   2.9988511e-03
   3.3466744e-03
   2.4854612e-03
   3.3250940e-03
   3.6812714e-03
   3.6295748e-03
   4.4548874e-03
   4.3886052e-03
   5.0557275e-03
   5.7986966e-03
   0.0000000e+00
