   3.6000000e+01
   3.6000000e+01
   6.8000000e+01
   5.5000000e+01
   4.0000000e+01
   6.1000000e+01
   7.0000000e+01
   5.6000000e+01
   1.0600000e+02
   6.8000000e+01
   8.7000000e+01
   8.1000000e+01
   9.5000000e+01
   9.4000000e+01
   9.9000000e+01
   1.2600000e+02
   1.1300000e+02
   1.1200000e+02
   1.3700000e+02
   1.1400000e+02
   1.3700000e+02
   1.2100000e+02
   1.2800000e+02
   1.5700000e+02
   1.9200000e+02
   1.4500000e+02
   1.9800000e+02
   1.8100000e+02
   1.7400000e+02
   2.0800000e+02
   3.0300000e+02
   2.2400000e+02
   2.6000000e+02
   3.4500000e+02
   2.5800000e+02
   3.0900000e+02
   2.7400000e+02
   3.6600000e+02
   3.9700000e+02
   4.0400000e+02
   4.1700000e+02
   3.8000000e+02
   4.9700000e+02
   4.1900000e+02
   5.1700000e+02
   5.1500000e+02
   4.6300000e+02
   5.7400000e+02
   6.0900000e+02
   4.3900000e+02
   5.2800000e+02
   6.1400000e+02
   5.4100000e+02
   5.7400000e+02
   5.3000000e+02
   5.3200000e+02
   5.9900000e+02
   7.0100000e+02
   6.1100000e+02
   5.7300000e+02
   5.2600000e+02
   6.8600000e+02
   6.4800000e+02
   6.3000000e+02
   6.7600000e+02
   6.4800000e+02
   6.3200000e+02
   5.9900000e+02
   7.1400000e+02
   6.8000000e+02
   5.6100000e+02
   6.6200000e+02
   6.4700000e+02
   6.5400000e+02
   7.3000000e+02
   7.0200000e+02
   6.4000000e+02
   6.6000000e+02
   6.6900000e+02
   6.7800000e+02
   6.7500000e+02
   7.9900000e+02
   6.9600000e+02
   6.8900000e+02
   6.8000000e+02
   7.0200000e+02
   7.2800000e+02
   7.8200000e+02
   8.1300000e+02
   7.1700000e+02
   6.5700000e+02
   7.6900000e+02
   8.2300000e+02
   8.9500000e+02
   9.6800000e+02
   1.5710000e+03
   3.8290000e+03
   6.4350000e+03
   9.3780000e+03
   1.4118000e+04
   1.7237000e+04
   2.2941000e+04
   2.8405000e+04
   3.3649000e+04
   3.7798000e+04
   4.1778000e+04
   4.3609000e+04
   4.4062000e+04
   4.4155000e+04
   4.2292000e+04
   3.9512000e+04
   3.5410000e+04
   3.1415000e+04
   2.7286000e+04
   2.3568000e+04
   2.0007000e+04
   1.6865000e+04
   1.5125000e+04
   1.2651000e+04
   8.5120000e+03
   2.9730000e+03
   1.3190000e+03
   1.0470000e+03
   9.0100000e+02
   7.1400000e+02
   7.7200000e+02
   7.3000000e+02
   7.5200000e+02
   6.7400000e+02
   7.2000000e+02
   6.3600000e+02
   6.3800000e+02
   6.9400000e+02
   5.5100000e+02
   6.2100000e+02
   6.8400000e+02
   6.1800000e+02
   5.2300000e+02
   5.9400000e+02
   5.6800000e+02
   5.2400000e+02
   6.0500000e+02
   5.2600000e+02
   5.0200000e+02
   4.5200000e+02
   5.2400000e+02
   5.4800000e+02
   4.3600000e+02
   4.6400000e+02
   5.2800000e+02
   4.8700000e+02
   4.7500000e+02
   4.1300000e+02
   3.7300000e+02
   4.6100000e+02
   4.3100000e+02
   3.9100000e+02
   4.1400000e+02
   3.8800000e+02
   3.9300000e+02
   3.8100000e+02
   3.1600000e+02
   3.6900000e+02
   3.0300000e+02
   2.9700000e+02
   3.1700000e+02
   2.7400000e+02
   3.3600000e+02
   2.9200000e+02
   2.8500000e+02
   2.1700000e+02
   2.4500000e+02
   2.0100000e+02
   2.2500000e+02
   2.3000000e+02
   1.9600000e+02
   1.8400000e+02
   1.6600000e+02
   2.0800000e+02
   1.2300000e+02
   1.2500000e+02
   1.0000000e+02
   1.0900000e+02
   8.9000000e+01
   9.5000000e+01
   8.7000000e+01
   1.0000000e+02
   5.6000000e+01
   7.6000000e+01
   5.8000000e+01
   7.2000000e+01
   4.7000000e+01
   4.6000000e+01
   9.8000000e+01
   6.0000000e+01
   4.1000000e+01
   4.3000000e+01
   3.5000000e+01
   3.2000000e+01
   7.0000000e+00
