  -2.0000000e-03
  -1.9798995e-03
  -1.9597990e-03
  -1.9396985e-03
  -1.9195980e-03
  -1.8994975e-03
  -1.8793970e-03
  -1.8592965e-03
  -1.8391960e-03
  -1.8190955e-03
  -1.7989950e-03
  -1.7788945e-03
  -1.7587940e-03
  -1.7386935e-03
  -1.7185930e-03
  -1.6984925e-03
  -1.6783920e-03
  -1.6582915e-03
  -1.6381910e-03
  -1.6180905e-03
  -1.5979899e-03
  -1.5778894e-03
  -1.5577889e-03
  -1.5376884e-03
  -1.5175879e-03
  -1.4974874e-03
  -1.4773869e-03
  -1.4572864e-03
  -1.4371859e-03
  -1.4170854e-03
  -1.3969849e-03
  -1.3768844e-03
  -1.3567839e-03
  -1.3366834e-03
  -1.3165829e-03
  -1.2964824e-03
  -1.2763819e-03
  -1.2562814e-03
  -1.2361809e-03
  -1.2160804e-03
  -1.1959799e-03
  -1.1758794e-03
  -1.1557789e-03
  -1.1356784e-03
  -1.1155779e-03
  -1.0954774e-03
  -1.0753769e-03
  -1.0552764e-03
  -1.0351759e-03
  -1.0150754e-03
  -9.9497487e-04
  -9.7487437e-04
  -9.5477387e-04
  -9.3467337e-04
  -9.1457286e-04
  -8.9447236e-04
  -8.7437186e-04
  -8.5427136e-04
  -8.3417085e-04
  -8.1407035e-04
  -7.9396985e-04
  -7.7386935e-04
  -7.5376884e-04
  -7.3366834e-04
  -7.1356784e-04
  -6.9346734e-04
  -6.7336683e-04
  -6.5326633e-04
  -6.3316583e-04
  -6.1306533e-04
  -5.9296482e-04
  -5.7286432e-04
  -5.5276382e-04
  -5.3266332e-04
  -5.1256281e-04
  -4.9246231e-04
  -4.7236181e-04
  -4.5226131e-04
  -4.3216080e-04
  -4.1206030e-04
  -3.9195980e-04
  -3.7185930e-04
  -3.5175879e-04
  -3.3165829e-04
  -3.1155779e-04
  -2.9145729e-04
  -2.7135678e-04
  -2.5125628e-04
  -2.3115578e-04
  -2.1105528e-04
  -1.9095477e-04
  -1.7085427e-04
  -1.5075377e-04
  -1.3065327e-04
  -1.1055276e-04
  -9.0452261e-05
  -7.0351759e-05
  -5.0251256e-05
  -3.0150754e-05
  -1.0050251e-05
   1.0050251e-05
   3.0150754e-05
   5.0251256e-05
   7.0351759e-05
   9.0452261e-05
   1.1055276e-04
   1.3065327e-04
   1.5075377e-04
   1.7085427e-04
   1.9095477e-04
   2.1105528e-04
   2.3115578e-04
   2.5125628e-04
   2.7135678e-04
   2.9145729e-04
   3.1155779e-04
   3.3165829e-04
   3.5175879e-04
   3.7185930e-04
   3.9195980e-04
   4.1206030e-04
   4.3216080e-04
   4.5226131e-04
   4.7236181e-04
   4.9246231e-04
   5.1256281e-04
   5.3266332e-04
   5.5276382e-04
   5.7286432e-04
   5.9296482e-04
   6.1306533e-04
   6.3316583e-04
   6.5326633e-04
   6.7336683e-04
   6.9346734e-04
   7.1356784e-04
   7.3366834e-04
   7.5376884e-04
   7.7386935e-04
   7.9396985e-04
   8.1407035e-04
   8.3417085e-04
   8.5427136e-04
   8.7437186e-04
   8.9447236e-04
   9.1457286e-04
   9.3467337e-04
   9.5477387e-04
   9.7487437e-04
   9.9497487e-04
   1.0150754e-03
   1.0351759e-03
   1.0552764e-03
   1.0753769e-03
   1.0954774e-03
   1.1155779e-03
   1.1356784e-03
   1.1557789e-03
   1.1758794e-03
   1.1959799e-03
   1.2160804e-03
   1.2361809e-03
   1.2562814e-03
   1.2763819e-03
   1.2964824e-03
   1.3165829e-03
   1.3366834e-03
   1.3567839e-03
   1.3768844e-03
   1.3969849e-03
   1.4170854e-03
   1.4371859e-03
   1.4572864e-03
   1.4773869e-03
   1.4974874e-03
   1.5175879e-03
   1.5376884e-03
   1.5577889e-03
   1.5778894e-03
   1.5979899e-03
   1.6180905e-03
   1.6381910e-03
   1.6582915e-03
   1.6783920e-03
   1.6984925e-03
   1.7185930e-03
   1.7386935e-03
   1.7587940e-03
   1.7788945e-03
   1.7989950e-03
   1.8190955e-03
   1.8391960e-03
   1.8592965e-03
   1.8793970e-03
   1.8994975e-03
   1.9195980e-03
   1.9396985e-03
   1.9597990e-03
   1.9798995e-03
   2.0000000e-03
