0.000297913	-0.000140588
0.000256072	-0.00010042
7.49805e-05	-6.69478e-07
6.02521e-05	-6.52731e-05
5.69048e-05	5.35576e-05
0.000117157	-8.36835e-05
0.00018879	-0.000119357
0.000259084	-8.4353e-05
0.000137241	-3.39516e-05
0.000243017	9.03785e-06
5.82438e-05	3.41429e-05
0.000170714	-1.5063e-05
0.000191803	-3.31387e-05
5.02101e-05	-9.03782e-05
0.000286198	-9.03782e-05
1.67366e-05	-8.87045e-05
0.00010042	-8.82263e-05
4.98754e-05	-1.77409e-05
0.000135567	3.51472e-05
0.000205861	-0.000110462
0.000294566	-9.03782e-05
0.000192472	-0.000128873
0.000195819	-0.000145609
0.000151969	-0.000109793
8.13404e-05	-0.000127534
0.000152304	-8.20099e-05
6.69465e-06	-4.35154e-05
0.000165693	-3.01261e-05
0.000135567	-8.53572e-05
0.000115483	-4.01681e-05
0.000140588	0.000125525
0.000179083	-0.000102094
0.000105298	3.41429e-05
0.000241009	-4.51891e-05
6.76163e-05	1.13809e-05
0.000276156	-4.51891e-05
0.000158999	-1.67368e-05
1.33894e-05	-0.000127199
0.000165693	-5.02099e-06
0.000265695	5.816e-05
0.000241009	5.02099e-06
5.52311e-05	-8.53571e-05
7.02942e-05	-0.000130546
0.000287871	-0.000148957
0.000241008	1.50631e-05
0.000160672	-0.000137241
0.00029624	-4.51891e-05
0.000118831	-0.000117157
0.000286198	-0.000115483
4.51891e-05	3.51472e-05
0.000110462	-1.5063e-05
0.000195819	-6.52732e-05
0.000170714	-6.02521e-05
2.63603e-05	0.00017197
5.52311e-05	-8.53572e-05
0.000140588	-3.0126e-05
2.00841e-05	9.03783e-05
0.000201319	-0.000112136
0.00013222	-1.67368e-05
6.56079e-05	-6.96247e-05
0.000110462	-3.01261e-05
6.40179e-05	-3.76576e-06
0.000138915	-0.000138915
7.28047e-05	-7.53152e-05
0.00016402	-4.68628e-05
0.000241009	-0.000120504
5.12143e-05	4.10288e-05
0.000175735	1.50631e-05
0.000261093	5.52311e-05
0.000184104	-9.53992e-05
0.000147283	-4.68628e-05
9.03783e-05	-4.01681e-05
0.000252724	4.68628e-05
0.000190799	-4.51891e-05
7.02935e-06	-6.62774e-05
0.000291218	-0.000105441
0.000152782	0.000115483
0.000180756	-5.52311e-05
0.000263245	6.52732e-05
0.000205861	-0.000130546
0.000241009	-0.000140588
0.000212556	-8.36835e-05
0.000105441	-7.17286e-06
0.000167367	-6.86205e-05
2.00841e-05	-7.53152e-05
2.81177e-05	-9.9416e-05
1.67367e-05	-2.67787e-05
5.35575e-05	-8.87045e-05
0.000170714	-8.53572e-05
6.32647e-05	-8.13404e-05
0.000172388	7.69888e-05
0.000204188	-6.19258e-05
0.000165693	-0.000115483
0.000107115	-0.000102094
2.0084e-05	-8.53572e-05
0.000231636	-2.47703e-05
0.000205527	-0.000111132
0.00016971	-1.70714e-05
5.2888e-05	-0.000139249
0.000237661	-3.17997e-05
0.000264105	3.11302e-05
9.94161e-05	-5.72395e-05
0.000138915	-2.34314e-05
0.000279503	-7.19678e-05
0.000243878	-2.51051e-05
0.000271135	8.53571e-05
0.00028285	1.84103e-05
2.17577e-05	-0.000118831
0.000291218	-4.51891e-05
9.70729e-05	-0.000107115
8.07927e-05	2.37356e-05
0.000266114	-1.5063e-05
0.000179083	-7.19679e-05
0.000132698	6.02522e-05
0.000145609	-2.15187e-06
0.000203351	-2.51051e-05
0.00010042	-9.03782e-05
0.000201845	-9.74076e-05
6.19258e-05	-0.000102094
9.53993e-05	-5.77416e-05
0.000271135	-3.51471e-05
0.000185777	-0.000123015
0.000227619	-8.20099e-05
2.51051e-05	-0.000137719
0.000169041	-2.67787e-05
0.000149961	-9.90813e-05
0.00010042	-8.03362e-05
0.000244356	-3.0126e-05
0.000204188	-3.34732e-06
5.52311e-05	-5.52311e-05
0.000161677	-0.000108454
0.000205861	5.02102e-06
1.84104e-05	-2.17577e-05
0.000194815	-5.22185e-05
0.000196206	8.49709e-06
0.000210882	-0.00010042
0.000125525	-9.03782e-05
0.000177409	8.87045e-05
0.00010042	-1.50631e-05
0.000280172	-4.31807e-05
7.33067e-05	-5.92479e-05
7.92204e-05	-3.68207e-05
0.00018243	-6.86205e-05
0.000215903	-0.000135567
8.03362e-05	7.02942e-05
0.000205862	3.0126e-05
6.02522e-05	-1.5063e-05
3.01261e-05	-6.02522e-05
3.51471e-05	2.00841e-05
0.000195819	-5.02101e-05
2.0084e-05	-7.02942e-05
0.000215903	-4.51891e-05
0.000117157	4.68628e-05
4.48544e-05	-7.29721e-05
0.00015063	8.03362e-05
7.02941e-05	-4.51891e-05
7.86625e-05	-0.000118831
0.000179752	-1.80757e-05
8.63614e-05	-2.71134e-05
0.000172388	-1.67366e-06
0.000121222	-2.36705e-05
0.000266114	-7.02942e-05
0.000180756	-7.63194e-05
4.68628e-05	2.5942e-05
0.000291218	-0.000105441
0.00011594	9.40299e-05
6.02522e-05	-9.03782e-05
4.85365e-05	-0.000142262
0.000235988	-6.52731e-05
0.000170714	-5.02101e-05
0.000125525	-3.51471e-05
0.000241009	-3.51471e-05
0.000209627	-7.65704e-05
0.000240339	-9.90813e-05
0.000120504	-0.000120504
5.35574e-05	-1.67368e-05
7.69889e-05	-6.69471e-06
5.02101e-05	5.02102e-05
0.000276156	-6.52731e-05
2.00841e-05	8.53571e-05
7.12984e-05	0.000147618
0.000304608	-8.70309e-05
3.51471e-05	-6.02521e-05
0.000145609	6.27626e-05
0.000107115	-0.000108789
6.30416e-05	0.000128873
5.85785e-05	-8.70309e-05
0.000257745	5.69048e-05
0.000127199	2.17577e-05
0.000130546	-4.35154e-05
0.000140588	-0.00010042
0.000169519	-0.000138915
0.00024603	-5.02101e-05
0.000165693	-6.52731e-05
0.00014812	-4.14234e-05
9.53992e-05	-0.000110462
1.33894e-05	-0.000112136
0.000251051	-1.5063e-05
8.63614e-05	-0.000120504
3.68208e-05	-1.84103e-05
0.000153141	3.13813e-05
0.000203853	-0.000120504
0.000112136	-8.87045e-05
0.000297913	-0.000118831
1.46446e-05	-8.49388e-05
0.000276574	-2.8034e-05
0.000234314	-9.20519e-05
9.37256e-05	-9.37256e-05
2.79743e-05	-0.000115483
0.000179083	-9.20519e-05
0.000306282	-0.000147618
0.000298218	-8.9161e-05
0.000185777	-1.50631e-05
0.000160672	-5.02105e-06
0.00010042	-3.51471e-05
7.19679e-05	1.33894e-05
0.00010042	2.34314e-05
8.16751e-05	-4.75323e-05
0.000304608	-4.85364e-05
6.02521e-05	7.02942e-05
2.41009e-05	3.01262e-06
0.000246029	2.51051e-05
0.000261093	-0.000130546
6.19258e-05	-3.68207e-05
2.00841e-05	-6.02521e-05
3.17998e-05	6.19258e-05
0.000175735	-0.000135567
0.00020084	-0.000110462
0.000223076	-8.03362e-05
7.02942e-05	5.02101e-05
5.85782e-06	6.69469e-05
0.000137241	-4.18417e-05
6.52731e-05	-6.02521e-05
2.71135e-05	-7.12984e-05
7.12984e-05	-4.31807e-05
5.35574e-05	3.34732e-06
0.000208013	-5.02099e-06
5.52311e-05	-0.000125525
0.000217577	-0.000138915
0.000192807	8.53572e-05
0.000145609	-6.02521e-05
0.000279838	-8.20099e-05
4.35155e-05	2.00841e-05
0.000107115	-6.69465e-06
0.000251051	3.68208e-05
0.000219251	-8.36835e-05
0.000125525	-9.53992e-05
7.86625e-05	-7.19678e-05
0.000271135	-7.53152e-05
0.000130546	-0.000110462
4.11723e-05	-0.000102429
4.41849e-05	3.71555e-05
0.000171551	-0.00011381
0.000301261	-0.000130546
8.87045e-05	-0.000142262
0.000225946	-0.000130546
7.36415e-05	2.17576e-05
1.00421e-05	3.0126e-05
7.23026e-05	-1.94146e-05
4.85363e-05	-6.35995e-05
3.34732e-06	-8.87045e-05
0.000251051	3.34734e-05
0.000220925	-0.000117994
0.000281177	9.03781e-05
0.000306282	-9.70729e-05
0.000234314	-8.87045e-05
4.85365e-05	2.34314e-05
5.02099e-06	1.50631e-05
4.51891e-05	-2.51051e-05
0.000266114	-0.000132698
7.53152e-05	-8.03362e-05
0.000180757	-0.000120504
3.17997e-05	-4.85364e-05
0.000165693	-0.000120504
0.000130546	1.0042e-05
1.0042e-05	6.52731e-05
0.000220925	-0.000110462
0.000125525	-7.53152e-05
6.52732e-05	-2.51051e-05
1.50631e-05	0.000130546
9.9165e-05	-8.41019e-05
4.01681e-05	-3.01261e-05
0.000292892	4.35155e-05
9.9416e-05	-6.32647e-05
8.53571e-05	-0.000110462
0.000125525	-8.53572e-05
9.20519e-05	-6.69468e-05
0.000286198	-3.51471e-05
0.000152304	-2.84524e-05
0.000142262	4.35155e-05
3.51471e-05	4.0168e-05
2.84524e-05	3.34732e-06
0.000129877	5.35574e-06
0.000254816	5.64864e-05
0.000261093	-5.02101e-05
0.000234314	-2.17577e-05
0.00021992	-6.32647e-05
3.17997e-05	1.67366e-06
0.000152304	-0.000127199
0.000272808	9.20518e-05
5.35575e-05	-5.18838e-05
0.000117157	-0.000108789
0.000281177	-9.53992e-05
0.000235988	-7.53152e-05
0.000187451	-2.92892e-05
0.000286198	6.02521e-05
0.000118831	-3.17997e-05
6.86205e-05	-0.000145609
9.03782e-05	-1.5063e-05
0.000215904	4.0168e-05
6.52732e-05	2.29532e-05
0.00012176	-0.000143099
7.66541e-05	-8.00015e-05
0.000239335	-4.35154e-05
0.000219251	-1.33894e-05
0.000185777	-0.000105441
3.22779e-05	-4.87755e-05
0.000167367	-5.85785e-05
8.36844e-06	-3.34732e-06
0.000170715	-8.53572e-05
0.000164689	-5.22185e-05
3.26365e-05	-4.01681e-05
0.000215904	4.51891e-05
0.00010042	-1.0042e-05
7.19679e-05	-8.87045e-05
0.000271135	-0.000125525
6.52731e-05	-5.02099e-06
7.36415e-05	4.35153e-05
0.000180756	3.51471e-05
0.000208731	-5.02099e-06
0.000155651	4.01681e-05
0.000170714	3.0126e-05
0.000271135	-3.51471e-05
4.51891e-05	-0.00014812
0.000242682	-7.36415e-05
0.000170715	-5.52311e-05
0.000261093	4.01681e-05
3.17997e-05	-0.00013222
0.000219251	2.84525e-05
0.000130546	-7.02942e-05
2.84524e-05	-7.19678e-05
0.00010042	0.000105441
0.000177409	-3.63425e-05
0.00015063	-3.51471e-05
5.52311e-05	-0.000115483
0.000241009	3.01262e-05
6.52732e-05	1.5063e-05
2.17577e-05	-4.68628e-05
0.000222598	-0.000117157
0.000199167	3.34746e-06
6.86205e-05	-0.000112136
7.36415e-05	-6.35995e-05
0.000121508	-6.32648e-05
9.53993e-05	-0.00010042
0.000208731	-2.00841e-05
6.32648e-05	-0.00013155
3.51471e-05	-2.51051e-05
0.000112136	-0.000108789
0.000163685	7.12984e-05
3.01261e-05	-0.000145609
0.000115818	-8.97087e-05
0.00012441	7.86626e-05
0.000294566	-7.86626e-05
0.00013858	-6.02524e-06
0.000285194	-5.82437e-05
0.000112136	-0.000118831
0.000145609	4.51891e-05
0.000205862	-0.000115483
3.0126e-05	-7.86625e-05
2.51051e-05	0
0.000261093	-9.03782e-05
0.000105441	-7.28047e-05
8.03362e-05	-3.51471e-05
0.00025808	1.40588e-05
1.67367e-05	4.68628e-05
4.18418e-05	-1.67367e-06
2.17577e-05	-0.000108789
3.34734e-05	-6.19258e-05
8.87045e-05	-6.35995e-05
0.000122178	-8.87045e-05
0.000195819	-3.51471e-05
0.00018243	-6.35995e-05
3.87987e-05	-0.000115027
0.000135567	2.00841e-05
4.35155e-05	-6.35995e-05
0.00010042	-9.53992e-05
5.59006e-05	-9.70726e-06
0.000235988	-0.000138436
0	-1.5063e-05
0.000269765	-5.02105e-06
0.000241678	-0.000131885
4.35155e-05	5.18838e-05
0.000210882	3.34732e-06
0.000210883	-1.5063e-05
1.10462e-05	-0.000132555
0.000127025	4.56456e-06
0	9.03783e-05
0.000148957	-8.36835e-05
0.000162346	3.84945e-05
0.000272808	4.18418e-05
0.000143936	-5.85785e-05
0.000230967	-2.0084e-05
7.53152e-05	-5.52311e-05
0.000253561	-4.51891e-05
0.000271135	-6.02522e-05
0.000134312	1.88288e-05
0.000136572	-4.71975e-05
0.000162346	4.22602e-05
0.000143936	2.67787e-05
0.000120504	-0.000115483
0.000133308	-4.69465e-05
6.96247e-05	0.000109123
0.000263962	-4.01681e-05
0.000185777	0.000165693
0.000222598	-6.19258e-05
0.000135567	-9.53992e-05
0.000241009	0
0.000272139	-0.000102429
0.00015063	-5.02101e-05
0.000301261	1.0042e-05
0.000274786	-0.00013009
4.35154e-05	-2.84524e-05
5.02102e-06	2.51051e-05
0.000267787	8.36764e-07
5.18838e-05	1.67373e-06
7.02942e-05	-7.02942e-05
2.0084e-05	2.76156e-05
0.000112136	-8.36835e-05
0.000204188	-5.69048e-05
0.000120504	-0.000130546
4.18417e-05	-3.17997e-05
0.000145609	-5.02102e-06
0.000138915	-2.84524e-05
4.82017e-05	3.41428e-05
0.000105441	6.52732e-05
0.000169041	-3.17997e-05
0.000205862	7.53152e-05
0.000136572	1.80756e-05
9.5734e-05	-6.96247e-05
0.000177744	0.000101424
0.000132638	-9.83282e-05
8.45204e-05	-8.36835e-05
0.000261093	-0.000130546
4.68627e-05	-5.1047e-05
0.000279503	-0.000118831
5.02101e-05	5.73831e-05
9.87466e-05	-3.17997e-05
0.000251051	-7.02942e-05
3.0126e-05	0.000130546
3.1465e-05	-8.30141e-05
0.000192891	-5.48127e-05
0.000142262	1.67367e-05
0.000190798	-2.00841e-05
7.65704e-05	-4.64443e-05
0.000131383	-5.43943e-05
0.00015063	0
0.00021423	-0.000122178
2.51051e-05	6.02521e-05
0.000212556	-5.85785e-05
1.00421e-05	-0.000140588
1.33894e-05	-8.03362e-05
0.000142262	-8.20099e-05
0.000284524	-2.17577e-05
0.000306282	5.02099e-06
0.000210883	-8.03362e-05
0.000179083	2.34313e-05
0.00010831	-6.52732e-05
8.36831e-06	-0.000102094
0.000275151	-6.72816e-05
0.000289545	-4.85365e-05
4.75322e-05	6.56079e-05
0.000193309	-0.000105441
0.000170715	-0.000110462
0.000140588	5.52311e-05
0.000215903	-5.52311e-05
2.34314e-05	-0.000108789
0.000140588	-9.03782e-05
0.000194146	-0.000102094
0.000235988	6.27626e-05
0.000225946	-0.000115483
0.000223937	-8.13404e-05
3.5147e-05	-3.76576e-05
0.000246699	-6.99594e-05
0.000186335	-4.85365e-05
0.000219251	-4.97319e-05
2.81177e-05	-6.929e-05
6.22606e-05	-7.9332e-05
0	-1.0042e-05
0.000251051	8.53571e-05
7.78257e-05	-0.000110462
6.35995e-05	-0.000112136
0.000174062	-2.99348e-05
0.00021992	-7.23026e-05
0.000204188	-0.00013222
0.000301261	0
0.000180757	-0.000115483
0.000199502	-0.000129877
2.00841e-05	-0.000125525
0.000167702	1.10464e-05
0.00026444	2.00841e-05
9.53993e-05	2.00841e-05
0.00029624	-6.52731e-05
0.000120504	6.02521e-05
0.000115483	3.51472e-05
0.000138078	-5.02099e-06
0.000110462	-9.03782e-05
0.000120504	-6.52732e-05
0.000263324	2.67787e-05
7.86625e-05	-7.19678e-05
0.000155651	-0.000130546
0.000195819	-0.000105441
0.000241009	-5.02102e-06
1.75735e-05	-0.000110462
8.36831e-06	-2.17577e-05
0.000277829	-0.000142262
4.90943e-05	-8.70308e-05
5.02102e-06	-8.53572e-05
0.000286198	5.52311e-05
5.52311e-05	-8.53572e-05
0.000242013	-2.81177e-05
0.000215904	-0.00010042
0.000256072	-1.0042e-05
0.000271135	2.51051e-05
0.00029624	-0.000120504
0.000165693	-1.25525e-05
5.02101e-05	-0.000130546
0.000291219	-2.00841e-05
0.000137241	-6.86205e-05
0.000234314	-0.000123852
8.53572e-05	-1.0042e-05
1.5063e-05	2.51051e-05
5.02101e-05	-2.0084e-05
0.000110462	-5.02099e-06
2.34314e-05	-0.000137241
0.000260088	-7.73236e-05
0.000251051	-0.000105441
3.0126e-05	-4.68628e-05
0	-0.000110462
0.000110462	-8.53572e-05
0.000205862	5.52311e-05
0.000254063	-4.41849e-05
0.00015063	-0.000140588
0.000130546	-0.00010042
2.34314e-05	-5.35574e-05
0.000160672	-0.000105441
0.000120504	-7.81843e-05
0.000211887	-3.01262e-06
0.000130546	-3.0126e-05
5.02101e-05	-8.03362e-05
0.000107593	-4.51891e-05
0.000210882	-0.000120504
0.000113475	-3.11302e-05
0.000195819	-6.02521e-05
0.000148957	0.000127199
7.36415e-05	3.17998e-05
0.000184104	6.69467e-05
5.52311e-05	-0.000110462
0.000110462	-8.03362e-05
0.000130546	-0.000105441
0.000165693	-0.00010042
2.25945e-05	-4.01681e-05
0.000178605	-4.01681e-05
0.000180757	-0.000130546
7.02942e-05	-3.5147e-05
8.13404e-05	-8.33488e-05
1.0042e-05	-7.02942e-05
9.95595e-05	-0.000146614
0.000258415	-8.5692e-05
0.000120504	-3.0126e-05
0.000140588	-0.000110462
0.000186782	-0.000142597
0.00010042	-9.53992e-05
0.00010042	-0.000110462
0.000125525	3.0126e-05
0.000225946	-1.0042e-05
0.000165693	-0.000120504
3.51471e-05	8.53573e-05
8.57756e-05	4.22602e-05
0.000175735	-2.76156e-05
0.000190799	-8.32053e-05
0.000195819	-8.03362e-05
0.000281177	-5.52311e-05
5.9248e-05	-8.0336e-06
0.00029624	-6.7425e-05
0.000274482	-8.87045e-05
1.0042e-05	-0.000120504
0.000291219	-9.03782e-05
9.20519e-05	-0.000102094
1.33893e-05	-0.000133894
0.000209627	3.76577e-06
0.000142262	-0.000148957
0.000110462	2.51051e-05
0.000162346	0.000137241
8.53572e-05	-6.52732e-05
6.69478e-06	-0.000123852
0.000180756	-0.000135567
0.000195819	-1.75735e-05
0.000268983	-2.51051e-05
5.52311e-05	-2.51051e-05
0.00012519	-0.000109793
1.0042e-05	3.0126e-05
0.000279503	1.67366e-06
2.51051e-05	-0.00010042
7.09636e-05	8.16751e-05
5.02101e-05	-0.00010042
0.000261093	-7.02942e-05
7.02942e-05	-0.000125525
0.000125525	7.53152e-05
0.000189125	1.33893e-05
0.00018243	-0.000138915
3.64024e-05	-0.000121257
0.000256072	-1.0042e-05
8.53572e-05	0
3.0126e-05	-3.51471e-05
0.000139249	-0.000117826
5.12144e-05	-4.71975e-05
0.000243519	-5.02101e-05
0.000118352	1.0042e-05
1.00421e-05	1.50631e-05
0.000122178	4.35154e-05
0.000115483	-8.03362e-05
0.000294088	-0.000115483
0.000261093	-0.000143936
0.000279503	-4.85365e-05
0.000271135	-0.000115483
4.28459e-05	-0.000131885
0.000180757	0.000110462
0.000227619	-5.69048e-05
4.68628e-05	-6.44363e-05
0.000143936	-7.69889e-05
0.000205862	-1.5063e-05
0.000140588	-9.03782e-05
0.00016402	-0.000142262
0.000186368	-0.000147972
3.84944e-05	-9.87466e-05
0.000293729	-0.000115483
0.000164438	-9.16335e-05
0.000227619	-0.000138915
0.000189125	-8.87045e-05
9.03782e-05	-8.53572e-05
4.01681e-05	6.81423e-05
0.00020084	-0.000135567
0.000291219	0
0.000301261	-2.0084e-05
0.000123517	-0.000104437
3.41429e-05	-0.000113475
0.000172723	-0.000129542
0.000192472	-7.86625e-05
0.000120504	-3.01262e-05
0.000276156	-3.51471e-05
0.000139112	-4.99148e-05
3.51471e-05	-4.01681e-05
0.000165693	3.51471e-05
7.49289e-05	-1.35181e-05
0.000229293	-5.35575e-05
0.000148957	-0.000117157
0.000220924	-4.51891e-05
0.000174062	-6.35995e-05
0.000130546	8.03362e-05
7.02942e-05	3.51471e-05
0.000277829	-4.35154e-05
7.02942e-05	1.0042e-05
0.000112136	0.000112136
4.11723e-05	-2.71135e-05
0.000220925	-4.01681e-05
0.000125525	1.0042e-05
0.000246029	0
1.67367e-05	-4.18418e-05
7.02942e-05	-0.00010042
7.33068e-05	-8.9374e-05
1.0042e-05	-7.02942e-05
0.000289545	-9.20519e-05
0.000297244	-5.22186e-05
0.000155651	-8.03362e-05
0.000269126	-9.92726e-05
8.20099e-05	-2.17577e-05
9.87466e-05	-1.17157e-05
0.000261093	-9.03782e-05
0.000117157	-1.0042e-05
0.000127199	2.67787e-05
0.000220925	-6.52732e-05
0.000256072	-5.52312e-05
0.000148478	2.00841e-05
0.000280172	-0.000123517
3.51471e-05	-7.73236e-05
0.000241009	5.02099e-06
0.000277351	3.34732e-06
0.000190799	-0.000145609
0.000279168	-4.87038e-05
0	7.53152e-05
2.17577e-05	-9.87466e-05
0.000225946	-8.03362e-05
0.000193476	-8.50225e-05
5.85785e-05	-5.69048e-05
6.52731e-05	-6.27626e-05
4.21765e-05	-5.42269e-05
0.000194146	-8.87045e-05
0.000132555	-4.33242e-05
8.70309e-05	6.69465e-06
3.84944e-05	-5.85785e-05
6.02521e-05	2.00841e-05
9.50645e-05	-3.34734e-06
0.000158999	-9.20519e-05
0.000251051	1.5063e-05
0.000219251	-6.69468e-05
0.00020084	-5.02101e-05
1.5063e-05	-5.52311e-05
0.000141425	-8.70309e-05
0.000255067	-0.000112471
3.34734e-06	-8.70309e-05
0.000128873	-6.69468e-05
1.84104e-05	-4.18417e-05
4.35153e-05	-1.96059e-05
6.69468e-06	3.84944e-05
0.000284189	-1.20505e-05
0.000102931	8.03362e-05
0.000284524	-4.68628e-05
0.000235988	-0.000110462
0.000145609	-6.52731e-05
0.000287871	-0.000118831
0.000304273	-0.000144605
0.000128873	-8.87045e-05
0.000108454	-6.02524e-06
0.000120504	4.01681e-05
0.000225946	-7.02942e-05
0.000246029	-9.53992e-05
0.000219251	-7.19679e-05
0.000237996	-9.64034e-05
0.000140588	-8.03362e-05
9.53992e-05	0.000120504
0.00018243	-0.000107115
0.000217577	-2.84524e-05
0.000103768	5.69048e-05
0.000291219	-0.00010042
0.000220924	-7.02942e-05
4.51891e-05	2.00841e-05
0.000246029	-1.70715e-05
6.02521e-05	-6.52732e-05
3.5147e-05	-4.51891e-05
0.000175735	-0.000107593
0.000155651	-0.00010042
0.000148957	-9.20519e-05
0.000292892	-8.70309e-05
0	7.02942e-05
0.000143936	-6.69468e-05
5.02101e-05	-9.03782e-05
7.31633e-05	-3.51471e-05
0.000195819	-6.02522e-05
0.000149375	8.9123e-05
5.02101e-05	-5.85785e-05
0.000135567	-8.03362e-05
0.000165693	-6.52731e-05
5.18838e-05	2.90103e-05
0.000122178	-4.85365e-05
4.85365e-05	-8.36835e-06
0.000199502	4.2846e-05
0.000276156	-3.51471e-05
0.000199585	-7.40599e-05
0.000135567	1.5063e-05
0.000123852	2.17577e-05
6.52731e-05	9.53993e-05
0.000289545	-9.87466e-05
0.000240172	-3.68208e-05
0.000120504	-1.21939e-05
0.000148828	5.14975e-05
3.84945e-05	7.53152e-05
1.0042e-05	-2.51051e-05
3.84944e-05	-9.20519e-05
9.03782e-05	3.0126e-05
0.000194146	-5.63469e-05
0.000266114	-0.000102572
0.000135233	6.69465e-06
0.000135567	-3.51471e-05
0.000288708	-2.51051e-05
0.000167367	-0.000123852
2.67787e-05	-9.87466e-05
4.01681e-05	4.5189e-05
0.000125525	-7.2446e-05
0.000210882	3.0126e-05
0.000249377	8.70308e-05
0.000225946	-4.01681e-05
0	6.52731e-05
0.000306282	-0.000115483
0.000247703	-9.37255e-05
6.7425e-05	-5.02101e-05
0.000185777	-4.51891e-05
0.000118831	0.000102094
0.000256072	-5.02101e-05
8.9374e-05	-3.31387e-05
0.000267787	-8.70309e-05
0.000135567	3.0126e-05
0.000241009	-9.03782e-05
0.000251051	-7.02942e-05
0.000210882	0
0.000165693	1.0042e-05
7.36414e-05	1.0042e-05
0.000195819	-0.000105441
9.53993e-05	1.2194e-05
4.51891e-05	-8.03362e-05
4.51891e-05	-5.02101e-05
0.000102572	-7.53152e-05
0.000160672	-8.70309e-05
7.53152e-05	-0.000107952
0.000151969	-7.2972e-05
0.00013222	3.34732e-06
5.85786e-05	4.18418e-05
0.00028285	-0.000103768
5.81003e-05	3.5147e-05
0.000249377	-7.86625e-05
5.52311e-05	-0.000130546
0.000229293	-5.18838e-05
0.000306282	-4.51891e-05
1.5063e-05	-5.02101e-05
2.91219e-05	-4.21765e-05
0.00020084	-2.51051e-05
0.000135567	-7.02941e-05
0.000115483	-7.02942e-05
0.000193309	4.0168e-05
0.000185777	-6.27626e-05
0.000157325	-2.67787e-05
8.06405e-05	-9.15954e-05
9.28888e-05	-5.52311e-05
0.000172388	-7.86625e-05
0.000118831	4.35154e-05
2.17577e-05	1.33894e-05
0.000210883	-0.000125525
0.000160003	5.35569e-06
6.52732e-05	5.02099e-06
9.4144e-05	-5.39759e-05
0.000294566	6.69465e-06
0.000147283	-9.42037e-05
7.33067e-05	-0.000129542
0.000220924	-0.000145609
0.000155651	-7.89017e-06
0.000281177	-7.60325e-05
0	-1.72149e-05
9.03781e-05	-4.01681e-05
0.00015063	-0.000115483
0.000261093	-5.02102e-06
0.000189794	-7.33068e-05
9.70729e-05	-0.000123852
0.000205861	0.00010042
0.000130546	-3.5147e-05
3.0126e-05	-0.000120504
0.000165693	-7.02941e-05
7.02941e-05	7.53152e-05
2.91219e-05	-7.83278e-05
0.000235988	-3.0126e-05
0.000249377	-0.000103768
0.000244774	-0.000116739
0.00024603	-3.01261e-05
4.1713e-05	-3.55334e-05
6.30846e-05	-9.32105e-05
0.000205861	-0.000110462
9.20518e-05	-4.35154e-05
0.000215904	-0.000117994
0.000210883	-7.17286e-06
0.000122178	-0.000148957
0.000143936	-0.000120504
0.000115483	-0.000135567
3.0126e-05	-0.000115483
9.64034e-05	3.71555e-05
7.53152e-05	-1.0042e-05
0.000172388	-1.33894e-05
0.000228815	-0.000115483
3.01261e-05	-3.0126e-05
0.000187451	-9.37256e-05
0.000276156	3.5147e-05
5.85785e-05	-8.20099e-05
0.000156907	-2.63603e-05
6.2404e-05	-0.000105441
7.86625e-05	-3.84944e-05
0.00016402	-3.82553e-06
0.000112136	5.69048e-05
6.02521e-05	-6.52731e-05
0.000219251	-1.84104e-05
0.000105441	-4.01681e-05
0.000120504	0.00010042
5.52311e-05	-3.51471e-05
0.000246029	3.01262e-05
0.000127199	-9.70729e-05
0.00029624	-0.000135567
0.000244356	0.000103768
8.03362e-05	-0.000135567
0.000276156	-0.000145609
0.000120504	-7.02942e-05
0.000145609	-0.000110462
0.000115483	-1.0042e-05
0.000256072	-8.03362e-05
0.000162346	-6.69468e-05
8.03362e-05	1.0042e-05
1.5063e-05	-3.51471e-05
4.85365e-05	-0.000138915
0.000184104	-0.000139751
0.000117157	9.20521e-06
2.84524e-05	-6.19258e-05
0.000207535	-8.87046e-05
0.000287871	-0.00011381
0.000274482	1.17156e-05
0.000105441	-0.000128394
0.000241008	-0.000115483
8.03362e-05	-9.03782e-05
5.52311e-05	0.000140588
2.61093e-05	-0.000143601
0.000256071	-8.03362e-05
0.000261093	-0.000118352
0.000202514	3.84945e-05
0.000215904	-0.000110462
0.000175735	-0.000140588
0.00016675	-1.42703e-05
9.53993e-05	0
2.0084e-05	-0.00010042
8.75888e-05	-9.70729e-05
6.02521e-05	-9.03782e-05
4.96951e-05	-0.000140073
0.000261093	-8.03362e-05
7.53152e-05	-2.00841e-05
0.000240005	-6.72816e-05
0.00024603	-5.02101e-05
0.000137576	-4.61933e-05
0.000271135	-0.000110462
8.36836e-05	-0.000147283
0.000125525	-3.17997e-05
3.26366e-05	-2.76156e-05
0.000220924	-9.53992e-05
0.000128873	-0.000125525
0.000187451	4.68628e-05
0.000105441	4.51891e-05
4.85364e-05	-0.000142262
9.70729e-05	-2.0084e-05
1.60673e-05	-4.61933e-05
0.000306282	2.00841e-05
6.72816e-05	-7.63194e-05
0.000197493	-0.000107115
0.00029624	-2.00841e-05
0.000214708	-9.70729e-05
0.000184104	-0.000118831
6.02524e-06	3.01262e-06
0.000292892	1.67366e-05
5.02101e-05	2.51051e-05
0.000248181	-8.53572e-05
9.10477e-05	-7.49804e-05
0.000251051	-0.000145609
5.69048e-05	3.34734e-06
0.000185777	-3.80162e-05
0.000192137	6.293e-05
6.35995e-05	-4.35153e-05
9.03782e-05	-3.0126e-05
0.000118831	-7.86626e-05
0.000140588	-0.000105441
7.02942e-05	-7.36415e-05
4.51891e-05	-5.02101e-05
0.000130933	-0.00012707
2.67787e-05	-5.35575e-05
0.000261093	-0.000105441
0.0001776	-2.00837e-06
5.69048e-05	-4.06462e-05
9.79097e-05	1.50631e-05
3.17997e-05	-8.87045e-05
0.00020084	-8.53572e-05
0.00018879	-0.000110462
0.000131802	-0.000119249
0.000144103	7.83278e-05
0.000160672	-0.000140588
5.22185e-05	-3.46211e-05
0.000140588	-0.00010042
0.000174731	3.81598e-05
7.53152e-05	-9.03782e-05
0.000120504	-6.52732e-05
4.35153e-05	2.34313e-05
0.000261093	-8.53572e-05
0.000115483	-7.53152e-05
6.02521e-05	-8.53572e-05
0.000170714	-9.53992e-05
0.000261093	1.00421e-05
0.000217577	-6.35995e-05
0.00020084	-4.51891e-05
0.000145609	-2.51051e-05
0.00029624	-2.86925e-06
8.56919e-05	-7.96668e-05
3.51471e-05	-6.02522e-05
0.000241009	-0.000140588
8.20099e-05	-2.34314e-05
0.000111466	-0.000127534
0.000210883	0
0.000183769	-8.13404e-05
0.00010042	0.000110462
0.000261093	-4.01681e-05
0.000155651	-8.53572e-05
5.52311e-05	-4.01681e-05
9.03782e-05	-0.000120504
0.000248261	-7.02942e-05
0.000128873	1.84103e-05
0.000190798	0
2.00841e-05	-4.01681e-05
8.03362e-05	-0.000105441
0.000164354	-3.24692e-05
0.000115483	-9.53992e-05
0.000276156	-8.53572e-05
0.000235988	-9.03782e-05
0.000138915	-0.000114646
5.02101e-05	-3.7299e-05
0.000130546	-0.000125525
8.16751e-05	-5.75742e-05
0.000192137	-0.00010109
0.000154456	-0.000137241
3.01261e-05	-0.000130546
0.000241009	-0.00010042
0.000190799	3.0126e-05
0.000102429	0.000118496
8.70309e-05	-6.86205e-05
0.000107115	-9.20519e-06
0.000202514	-6.69469e-05
0.00017038	-9.60687e-05
7.53152e-05	-3.01261e-05
1.84104e-05	-0.00011381
0.000155651	-7.53152e-05
6.69468e-06	7.86626e-05
0.000102094	4.85365e-05
0.00018243	-8.70309e-05
0.000123373	-3.51471e-05
0.000169041	-3.17998e-05
5.18838e-05	-0.000133894
0.000212556	-9.70729e-05
8.36835e-05	9.37256e-05
2.51051e-05	-4.01681e-05
0.000204883	-0.000134068
5.02101e-05	-6.52732e-05
0.000160672	-9.03782e-05
8.95414e-05	-7.69888e-05
0.000251051	-0.000110462
0.00015766	-5.9248e-05
7.02941e-05	-5.02101e-05
0.000297913	-0.000147283
0.000225946	-5.02101e-05
0.000234314	-6.86205e-05
0.000291219	-6.52732e-05
0.000197828	-0.000126529
0.000130546	-7.02941e-05
0.000140588	7.53152e-05
0.000135567	-9.53992e-05
0.000118831	-8.36838e-06
5.85784e-05	-1.17157e-05
0.000259084	-9.15259e-05
0.000208874	-1.00421e-05
7.53152e-05	3.0126e-05
1.67366e-06	8.36831e-06
5.02099e-06	-2.00841e-05
0.000262766	-0.000117157
7.69888e-05	-2.84524e-05
0.000170714	-5.02101e-05
0.000200841	5.02099e-06
0.000112136	-3.17998e-05
0.000135567	-7.53152e-05
0.000160672	-3.01262e-05
6.52732e-05	-1.0042e-05
0.000293227	6.02524e-06
0.000281177	3.34732e-06
0.000286532	-0.000129877
0.000140588	-8.53572e-05
0.000110462	-6.02521e-05
3.34732e-06	-2.17577e-05
8.87045e-05	-0.000123852
0.000227619	-5.06883e-05
5.02102e-06	-8.53572e-05
0.00016402	-7.19679e-05
6.02522e-05	-3.51471e-05
0.000246029	-1.0042e-05
0.000200631	-6.48546e-06
0.000217577	1.67366e-06
5.02101e-05	9.03783e-05
0.000140588	-2.51051e-05
8.36835e-05	-0.000147283
0.000129542	2.20925e-05
0.000190798	-1.0042e-05
1.84104e-05	-2.17577e-05
4.93733e-05	7.53154e-06
0.000230967	-6.69478e-06
0.000179752	-0.000133559
0.000253059	-0.000140588
0.00029624	-3.51471e-05
7.65704e-05	-4.14234e-05
1.50631e-05	-2.51051e-05
2.84524e-05	-0.000108789
0.000209209	-3.84944e-05
0.000241008	-5.02101e-05
0.000269461	0.000102094
6.62773e-05	-6.72815e-05
0.000189125	-4.18417e-05
0.000219251	-8.36838e-06
0.000275152	-6.32647e-05
0.000145609	-6.02522e-05
7.53152e-05	-3.72989e-05
9.82684e-05	-2.51051e-05
9.20518e-05	-1.17157e-05
0.000205862	2.00841e-05
0.000185777	-4.51891e-05
4.51891e-05	-4.01681e-05
8.53572e-05	-7.53152e-05
0.000140588	-0.000120504
0.000237169	-4.22356e-05
6.02521e-05	-7.53152e-05
9.03783e-05	-9.53993e-05
0.000132698	-4.51891e-05
5.85785e-05	-5.18838e-05
7.19679e-05	-7.86625e-05
0.00020084	6.52732e-05
0.000145609	1.0042e-05
0.000157325	-6.69468e-05
0.00018243	-0.000123852
3.28039e-05	1.1381e-05
0.000291219	-3.51471e-05
0.000301261	-7.53152e-05
4.51891e-05	7.31633e-05
0.000155651	-4.51891e-05
0.000192472	-8.70309e-05
0.000217577	-0.000101313
0.000265779	6.96248e-05
9.70728e-05	-1.38676e-05
7.07724e-05	-3.34732e-06
0.000306282	-0.000140588
0.000256072	-8.03362e-05
5.35575e-05	-4.68628e-05
0.000187451	-8.59151e-05
0.000112136	1.67366e-06
0.000148957	7.36415e-05
5.52311e-05	-9.32474e-05
0.000251051	-0.000145609
0.00011381	-0.000133894
6.35995e-05	-9.87466e-05
0.000115483	-0.000105441
0.000177409	-3.68208e-05
2.51051e-05	-2.0084e-05
0.00015063	-5.52311e-05
0.000266114	4.51891e-05
0.000261093	-9.03782e-05
9.20519e-05	-0.000122178
0.000289545	-7.36415e-05
0.000271135	-0.00010831
6.86205e-05	-4.68627e-05
0.000112136	2.92892e-05
0.00020084	-6.06108e-05
0.000103768	-4.68627e-05
0.000210883	-7.53152e-05
0.000207535	-8.36835e-05
0.000180756	-2.51051e-05
6.69468e-05	-3.17997e-05
3.0126e-05	0
7.02942e-05	-3.34734e-05
0.000160672	3.0126e-05
6.86205e-05	1.84104e-05
1.50631e-05	-0.000115483
9.03782e-05	-5.02101e-05
0.000225946	-5.02101e-05
0.00015063	-0.000125525
0.000295124	-8.87045e-05
0.000249377	3.34734e-06
0.000262097	-0.000122513
0.000195819	-9.53992e-05
0.000143936	-7.69889e-05
0.000245025	-0.000128538
7.19678e-05	5.85786e-05
1.0042e-05	1.0042e-05
0.000261093	5.02099e-06
0.00028285	-0.000128873
0.000103768	-8.28467e-05
4.01681e-05	-5.02099e-06
0.000190798	-0.000118352
5.85784e-05	-6.86205e-05
0.000137241	-6.69468e-05
0.000106445	-2.41008e-05
6.92899e-05	-9.74077e-05
6.86205e-05	-3.34734e-05
0.000200171	-8.56919e-05
3.51471e-05	-0.000145609
2.51051e-05	-5.02099e-06
0.000215903	2.00841e-05
4.01681e-05	0
0.000175735	-9.03782e-05
0.00015063	-4.51891e-05
0.000138915	2.67787e-05
0.000127199	6.02521e-05
0.000279503	-4.18418e-05
0.000130546	-6.02521e-05
0.000217019	-5.85785e-05
0.000197493	-0.000133894
0.000291219	-7.53152e-05
0.00015766	-7.4311e-05
0.000291219	-6.02522e-05
4.01681e-05	-3.01261e-05
0.000302265	-0.000123517
1.5063e-05	7.81843e-05
2.67788e-05	-3.68207e-05
0.000121843	-9.10477e-05
0.000249377	-0.000138915
0.000205861	-4.01681e-05
0.000185777	-9.53992e-05
0.000210883	-8.03362e-05
0.000239335	-5.85785e-05
7.02942e-05	-6.02521e-05
0.000190798	-1.50631e-05
0.000232024	-2.93334e-05
0.000302934	-3.17997e-05
4.01681e-05	-1.75735e-05
1.84104e-05	-0.000142262
0.000141425	-4.76996e-05
0.000185777	2.51051e-05
5.85784e-05	-6.30416e-05
0.000210882	-5.02099e-06
0.000281177	-7.02942e-05
0.000123852	-8.36836e-05
5.32227e-05	6.12563e-05
8.53572e-05	8.53573e-05
0.000167367	-2.84524e-05
0.000237661	-0.000118831
0.000210883	-7.53152e-05
0.000159668	-2.30966e-05
0.000110462	-1.0042e-05
0.000160672	-7.02942e-05
0.00018243	-7.19678e-05
0.000306282	-3.01261e-05
0.000194146	-7.02942e-05
0.000301261	-0.000130546
0.000306282	-9.53993e-05
1.0042e-05	-0.000125525
1.67366e-06	-5.69048e-05
7.83277e-05	-1.40588e-05
0.000281177	5.02105e-06
0.000145609	1.0042e-05
0.000187451	3.68207e-05
8.53572e-05	-0.000120504
0.000266114	-5.021e-06
7.53152e-05	-3.80162e-05
0.000158999	-5.18838e-05
0.00014494	-6.69468e-06
9.37255e-05	3.68208e-05
3.5147e-05	-7.53152e-05
0.00023264	-5.85785e-05
0.000123852	-1.84104e-05
2.17577e-05	4.85364e-05
7.19678e-05	2.17577e-05
4.01681e-05	-3.34732e-06
0.000235988	-3.51471e-05
0.000105441	-2.51051e-05
0.000130546	9.13824e-05
5.7383e-05	-4.51891e-05
0.000281177	-7.53152e-05
0.000261093	-4.51891e-05
0.000292893	-0.000112136
0.000175735	0.00010042
9.87466e-05	-2.51056e-06
0.000252724	0.000112136
3.51472e-05	-0.000125525
0.000115483	-1.50631e-05
0.000225946	-0.000115483
0.000110462	-6.02522e-05
0.000210883	5.02099e-06
6.02521e-05	-6.52732e-05
0.000209209	-7.19678e-05
0.000185778	-5.52311e-05
3.01261e-05	-0.000110462
8.6194e-05	-0.000107115
0.000109458	-3.31387e-05
6.02522e-05	-9.53992e-05
1.00418e-06	7.02942e-06
0.000190798	-8.03362e-05
0.000272808	4.85365e-05
0.000115483	-5.52311e-05
0.000247285	-5.39759e-05
3.89128e-05	-9.16335e-05
0.000215903	-0.000110462
0.000155651	-2.51051e-05
3.17997e-05	1.67366e-06
0.000118831	5.52311e-05
0.000160672	-8.03362e-05
0.000252724	-0.000143936
0.000230967	-2.00841e-05
0.00020628	9.49809e-05
3.0126e-05	-4.01681e-05
7.02942e-05	7.02942e-05
0.000113475	0.000111466
0.000187451	-6.19258e-05
0.000122178	-8.36831e-06
0.000145609	3.0126e-05
0.000142262	-9.6515e-05
8.70309e-05	-7.19679e-05
0.000155651	-0.000135567
0.000133057	-0.000105441
3.51471e-05	-5.02101e-05
4.51891e-05	-9.03782e-05
0.000153978	-9.70729e-05
0.00018243	-7.36415e-05
8.87045e-05	-8.87045e-05
7.12984e-05	3.21345e-05
0.000130546	-2.0084e-05
0.000138915	-9.87466e-05
0.00010042	-0.000120504
0.000261093	-2.00841e-05
9.03782e-05	-0.000110462
6.86205e-05	-6.35995e-05
0.00026444	-0.00013222
0.000170715	0.000105441
2.51051e-05	-0.000125525
9.03781e-05	-5.55898e-05
0.000167367	-4.85365e-05
0.000128873	-3.84944e-05
8.83698e-05	7.12984e-05
0.00013222	-6.19258e-05
0.000210882	-4.01681e-05
0.000297578	-7.09636e-05
0.000103768	-4.18418e-05
0.000294566	-2.0084e-05
5.02112e-06	-0.000135567
0.000180756	7.02941e-05
0.000185777	-2.25945e-05
0.000225946	-5.02101e-05
9.03782e-05	-0.000135567
1.0042e-05	1.25525e-05
0.000148957	-3.68207e-05
0.000175735	-0.000112973
4.82018e-05	0.000139584
0.00015063	-4.01681e-05
0.000256071	0
0.000225946	-2.0084e-05
0.000235569	2.09204e-06
7.36415e-05	-4.85364e-05
0.000207535	-0.00011381
0.00018243	-0.000142262
0.000180756	-6.52731e-05
7.83278e-05	4.21765e-05
1.84104e-05	-5.69048e-05
0.000252724	-0.000147283
0.000224272	-5.69048e-05
0.000304608	-3.17997e-05
0.000125525	5.02099e-06
3.01261e-05	-8.03362e-05
5.02101e-05	8.75091e-05
0.000130546	3.01261e-05
0.000276156	-2.51051e-05
0.000228097	3.5147e-05
5.18838e-05	0.000118831
0.000127351	9.72251e-05
0.000123182	-1.53978e-05
3.17997e-05	-8.20099e-05
6.86205e-05	-4.7867e-05
0.000143601	-0.000128538
0.000286198	-4.01681e-05
0.000194146	6.02521e-05
0.000101424	-3.01262e-06
0.000183626	-7.02942e-05
0.000153978	-6.02522e-05
4.01681e-05	-1.00421e-05
0.000107115	-2.84524e-05
0.000220924	-8.03362e-05
0.00028285	-0.000118831
2.34314e-05	-8.87045e-05
0.000195819	-2.51051e-05
0.000209209	8.20098e-05
0.000241008	-5.02101e-05
0.00010109	2.47704e-05
3.68208e-05	-5.85785e-05
0.000304608	-9.99421e-05
2.25946e-05	-1.5063e-05
0.000202514	-7.86625e-05
9.53993e-05	7.53152e-05
0.000190799	-2.76156e-05
0.000187033	-1.12972e-05
0.000266114	3.51472e-05
7.9332e-05	-8.23446e-05
0.0001195	-2.30966e-05
2.51051e-05	2.0084e-05
8.53572e-05	0
0.000242682	-1.67366e-06
0.000177887	4.51891e-05
0.000177409	-0.000120026
0.000192233	-0.000137719
0.000199167	-7.19679e-05
0.000195819	-0.000120504
0.000241009	7.02941e-05
1.67367e-05	-3.34734e-05
0.000115483	-6.02522e-05
0.000229293	-5.69048e-05
0.000170714	-6.02522e-05
0.000172388	-0.000106557
0.000165693	-3.01261e-05
0.000210882	4.51891e-05
0.00016402	-8.70309e-05
7.02942e-05	0.000157803
2.17576e-05	-7.36415e-05
6.02522e-05	0.000110462
0.000210882	-9.53992e-05
0.000306282	-7.02942e-05
2.00841e-05	-0.000125525
3.34734e-05	1.67367e-05
0.000237661	2.67789e-05
0.000204188	-7.44783e-05
0.000304273	-0.000101424
0.000271135	-0.00010042
0.00016402	1.67368e-05
7.02942e-05	-1.0042e-05
4.35155e-05	0.000138915
0.000185777	-0.00010042
0.000175735	-2.51051e-05
0.000125525	-1.0042e-05
0.00020084	5.52311e-05
0.000286198	-2.29533e-05
0.000202849	-8.63614e-05
7.86625e-05	-2.34314e-05
0.000174062	-7.69888e-05
0.000271135	-4.51891e-05
0.00024603	1.5063e-05
0.000222598	-5.18838e-05
0.000143936	-7.69889e-05
0.000165693	-9.53992e-05
0.000185778	-0.00010042
6.22605e-05	3.11303e-05
0.00020787	-8.13404e-05
0.000227954	-3.91639e-05
0.000281177	2.51051e-05
0.000243519	-0.000105441
0.000261093	-6.52732e-05
3.01261e-05	0.000105441
0.000213393	-2.25946e-05
0.000180756	-0.000110462
0.000145609	1.75735e-05
0.000122178	-0.000118831
6.96246e-05	0.000115818
0.000210882	-0.00010042
8.87045e-05	-1.67367e-05
0.000259419	-7.86625e-05
0.000143936	1.0042e-05
0.000241009	-9.03782e-05
0.000294566	-7.69888e-05
0.000251051	-2.51051e-05
0.000135567	-0.00010042
5.18838e-05	4.35155e-05
3.0126e-05	-2.51051e-05
0.000128873	-1.67367e-05
0.000174062	-5.97739e-05
0.00018243	1.17157e-05
0.000240339	-9.50645e-05
0.000261093	4.01681e-05
0.000258415	-0.000125191
0.000125525	-5.52312e-05
0.000125525	-0.000105441
0.000120504	-7.02941e-05
9.03783e-05	7.02942e-05
8.03362e-05	-9.79097e-05
7.02942e-05	-9.03782e-05
0.000256072	-9.03782e-05
0.000193811	-9.13824e-05
0.000180756	-4.0168e-05
0.000208372	-3.51471e-05
0.000126529	-0.000122513
0.000120504	-0.000105441
0.000247703	-0.000127199
0.000152304	5.85784e-05
0.000115483	4.01681e-05
0.000152304	1.67366e-05
9.87466e-05	-0.000133894
0.000271135	-0.000115483
7.02942e-05	-0.000107115
2.51051e-05	-4.01681e-05
0.000135567	-9.03782e-05
0.00024603	-3.01261e-05
1.17156e-05	-9.87465e-05
0.000170714	-3.01261e-05
7.53152e-05	4.01681e-05
7.9332e-05	-2.20924e-05
5.52311e-05	5.02101e-05
0.00013222	-8.36831e-06
0.000160672	-0.000125525
7.53152e-05	5.81004e-05
7.02942e-05	-0.000125525
0.000138915	-0.000114368
0.000302265	-5.32227e-05
0.000271135	-0.00010042
0.000180756	-7.02942e-05
0.000209209	-0.00011381
8.03362e-05	-5.02105e-06
0.000209209	-9.65947e-05
0.000304608	-0.00013222
0.000154456	-0.000123852
0.000198832	-0.000144605
0.000158999	-9.70729e-05
7.31633e-05	-1.50631e-05
0.000153978	-7.19678e-05
6.02521e-05	-0.000120504
7.86625e-05	2.34314e-05
2.67787e-05	-2.67788e-05
5.02099e-06	2.00841e-05
6.19258e-05	-5.85785e-05
4.51891e-05	-0.000140588
7.2446e-05	3.37125e-05
0.000235988	-4.01681e-05
0.000175735	-4.85365e-05
0.000147283	-2.34314e-05
8.13404e-05	-6.22605e-05
0.000249377	-0.000102094
0.000262432	-0.000147953
0.000228623	-0.00014427
0.000306282	-8.03362e-05
0.000144605	-5.22186e-05
0.00011381	-6.35995e-05
0.000283687	2.00839e-05
0.000145609	-2.00841e-05
0.000177409	-4.12839e-05
0.000212222	2.27619e-05
0.00020084	-7.02942e-05
0.000133559	-0.000144605
0.000105441	-8.03362e-05
0.00021423	-7.19679e-05
1.67366e-06	0.000118831
0.000120504	-3.01261e-05
0.000276156	2.0084e-05
0.000241009	-0.000140588
9.37256e-05	-0.000123852
5.72396e-05	4.11723e-05
0.000259419	3.68207e-05
0.000157325	-5.85784e-05
7.36415e-05	-8.25677e-05
0.000136763	-2.67787e-05
0.000238856	-6.02521e-05
0.000102094	-5.02101e-05
0.000189125	-7.19678e-05
5.02099e-06	5.02099e-06
0.000211217	-8.46877e-05
0.000185443	-2.27619e-05
0.000116487	-8.23446e-05
0.000289545	-0.000148957
0.000190799	-5.02101e-05
0.000215904	-0.000115483
7.83277e-05	-2.12317e-05
7.19679e-05	-2.34314e-05
0.000175735	-2.00839e-05
5.02101e-05	-0.000110462
0.00017607	-3.2804e-05
0.000116487	-1.40588e-05
0.000133057	-6.52731e-05
0.000158605	-1.80165e-05
0.000266114	-2.0084e-05
0.000276156	-0.000110462
0.000222598	-0.000118831
0.000239335	-0.000108789
0.000199167	-4.68628e-05
0.000146865	-6.65284e-05
8.47406e-05	-1.09229e-05
0.000269461	-0.000128873
0.000263603	-8.53572e-05
9.53992e-05	-8.28467e-05
0.000242682	-0.000102094
0.000301261	-8.03362e-05
6.02521e-05	-3.76576e-05
0.000169041	-4.68628e-05
0.000161091	-0.000113391
4.35155e-05	-4.18417e-05
2.0084e-05	-5.52311e-05
8.03362e-05	-2.51051e-05
0.000291219	-9.70728e-05
0.000251051	-8.53572e-05
0.00024603	-4.51891e-05
9.53992e-05	-3.01261e-05
0.00010042	2.00837e-06
0.000190798	-5.02099e-06
1.17156e-05	-0.000118831
0.000229293	-8.20099e-05
6.19258e-05	-2.84524e-05
0.000210883	-0.000125525
0.000256072	-4.01681e-05
0.00018243	-5.18838e-05
0.00018243	4.35155e-05
0.00021423	2.17577e-05
0.00020084	-0.00010042
0.000268983	-6.02522e-05
6.27626e-05	2.76156e-05
0.000155093	7.47573e-05
2.51051e-05	2.51043e-06
2.67787e-05	0.000137241
0.000158999	-4.85365e-05
0.000143457	-6.52732e-05
0.000194815	-5.82438e-05
0.00021423	-5.35575e-05
8.03362e-05	-0.000120504
0.000174062	-7.19678e-05
4.68628e-05	5.18838e-05
0.000135567	-4.51891e-05
0.000180757	-0.000115483
0.000209209	-7.19679e-05
0.000189125	-9.70729e-05
0.00014977	3.41428e-05
0.000169459	-0.000106697
0.000177744	-8.03362e-05
0.000213034	-9.03782e-05
6.69468e-05	6.86205e-05
0.000242682	-6.35995e-05
0.000105441	-9.03782e-05
0.000195819	-5.52311e-05
0.000241009	9.03783e-05
0.000101424	-6.22606e-05
0.000108789	-5.18838e-05
0.000117492	-1.40588e-05
0.00015063	-6.69468e-05
0.000171719	-3.21345e-05
0.000180756	-7.02942e-05
0.000281177	0.00010042
0.000207535	-0.000128873
0.000235988	-0.000105441
0.000140588	-5.02101e-05
0.000197493	-1.33894e-05
0.000197912	-9.49808e-05
0.000256072	-7.02941e-05
0.000122178	-0.00011381
0.000199167	-0.000115483
0.000133559	-5.62354e-05
0.000118831	-8.70309e-05
0.000170714	-2.51051e-05
2.00841e-05	0.000110462
4.51891e-05	-3.01261e-05
0.000168204	-5.02101e-05
7.53152e-05	-5.52311e-05
0.000274147	-7.63194e-05
0.000272504	-1.55196e-05
0.000120504	-6.52731e-05
7.53152e-05	-1.5063e-05
4.61933e-05	-2.41009e-05
0.000241009	-7.02942e-05
3.0126e-05	0
0.00010042	-2.51051e-05
0.000188288	3.0126e-05
0.000298583	-3.54818e-05
0.000165693	5.02099e-06
0.000160672	2.51051e-05
0.000259419	6.19258e-05
0.000217577	-0.000112136
4.01681e-05	-5.02102e-06
0.000284046	7.02942e-05
0.000180756	-0.000110462
4.30372e-05	-7.53152e-05
0.000271135	-3.51471e-05
0.000145609	-0.000105441
0.000194815	-1.70714e-05
4.31806e-05	-2.51051e-05
0.000286198	-3.51471e-05
0.000170045	1.53977e-05
0.000291218	-3.01261e-05
1.0042e-05	-0.000125525
0.000138915	-3.34734e-05
0.000234314	-1.17158e-05
0.000197493	-0.000102094
1.0042e-05	-4.51891e-05
0.000195819	-3.51471e-05
3.84944e-05	-6.86205e-05
0.00022695	-7.33068e-05
9.10477e-05	-8.56919e-05
0.000231636	-3.88292e-05
8.53572e-05	-0.000135567
0.000115483	-0.000105441
2.67787e-05	3.68208e-05
0.000235988	-5.52311e-05
0.000227619	-4.35155e-05
0.000147283	-0.000148957
4.82017e-05	-5.42269e-05
7.28047e-05	5.02099e-06
0.000219251	-6.86205e-05
1.0042e-05	-6.52731e-05
3.91639e-05	-9.33909e-05
0.000134312	-9.4144e-05
0.00029624	-0.00010042
0.000165693	2.00841e-05
0.00027649	-3.07955e-05
8.53571e-05	-0.00010042
4.51891e-05	9.53991e-05
0.00015063	-4.01681e-05
8.13404e-05	-1.30547e-05
0.000184104	-0.000122178
8.66125e-05	-4.14233e-05
0.000252724	-1.84104e-05
0.000257745	-0.000107115
0.000175735	-0.000135567
4.01681e-05	8.03363e-05
0.000210548	-5.79089e-05
0.00015063	-9.32474e-05
0.00013222	-4.85364e-05
0.00012739	-8.03364e-06
0.00029624	-4.0168e-05
4.0168e-05	2.51051e-05
0.000254063	-0.000139584
0.000135567	0
0.000135567	-8.03362e-05
0.000239335	-7.19678e-05
2.65396e-05	-3.94508e-05
0.000190798	-2.25946e-05
0.000175735	-3.51471e-05
0.000251051	8.53571e-05
0.000215904	-0.000105441
0.00010042	-2.51051e-05
0.000112136	-6.86205e-05
0.000225946	-4.51891e-05
0.000115065	-8.57756e-05
0.000125525	2.00841e-05
6.19258e-05	7.36415e-05
0.000299587	-3.17997e-05
0.000176572	-0.000107115
0.000301261	-0.000135567
7.02942e-05	-2.0084e-05
9.03782e-05	-4.01681e-05
9.53992e-05	1.0042e-05
7.36415e-05	-6.35995e-05
7.53152e-05	-8.03362e-05
0.000261093	-3.51471e-05
0.000210883	-9.82684e-05
0.000276156	-8.03362e-05
9.53993e-05	5.02101e-06
3.0126e-05	-9.03782e-05
1.33893e-05	2.84525e-05
6.929e-05	-8.23446e-05
0.000235988	-0.000125525
0.000143936	4.68628e-05
9.37255e-05	8.70308e-05
0.00013155	-4.82017e-05
0.000299587	-4.85364e-05
8.73656e-05	4.11724e-05
0	-0.000115125
1.20505e-05	-6.02517e-06
0.000130546	-5.02101e-05
0.000180756	-9.03782e-05
0.000261093	-3.51471e-05
5.02102e-06	-7.53152e-05
0.000282324	-5.82437e-05
0.000162346	-0.000136046
0.000152639	-7.63194e-05
3.84945e-05	4.85365e-05
0.000187786	-4.61933e-05
0.000288708	-2.0084e-05
9.37256e-05	-9.37256e-05
7.53152e-05	0.000105441
0.000230966	-0.000130546
0.000110462	-4.01681e-05
4.51891e-05	0.000113331
2.51051e-05	-5.02101e-05
0.000135567	-7.53152e-05
0.000210883	-4.76996e-05
0.000169041	-0.00013222
0.00023264	-7.19679e-05
0.000272808	-0.000133894
7.02942e-05	7.53152e-05
0.000143936	1.67368e-05
9.13824e-05	-2.30967e-05
0.000165693	-1.0042e-05
0.000175735	-2.00841e-05
0.000286198	1.0042e-05
0.000205861	-5.77416e-05
0.000120504	-9.37256e-05
0.000306282	-9.03782e-05
5.69048e-05	-3.34734e-05
0.000125525	-4.01681e-05
0.000271135	-9.53992e-05
0.000112136	-0.000112136
7.02942e-05	-2.00841e-05
1.43936e-05	-3.34772e-07
0.000160672	-5.52311e-05
4.51891e-05	1.0042e-05
0.000115483	-5.52311e-05
0.000185777	8.53573e-05
0.000212975	-0.000128454
9.28887e-05	-1.0042e-05
8.53572e-05	-0.000120504
0.000115483	-6.02522e-05
0.000262432	-9.30561e-05
0.000264998	-0.000108789
0.000225946	-1.5063e-05
0.000140588	-6.52732e-05
0.000112136	-8.87045e-05
6.96247e-05	0.000115818
0.000291219	-3.51471e-05
0.000225946	-0.000105441
8.36835e-05	1.33894e-05
0.000301261	1.0042e-05
0.00015063	-7.53152e-05
9.03782e-05	0
0.000165693	5.02099e-06
0.000120504	0.000120504
0.000110462	-4.01681e-05
0.000115483	-2.51051e-05
0.000214899	-7.83278e-05
0.000302934	-6.86205e-05
0.000195819	-7.02942e-05
0.000155651	-5.27206e-05
0.000234314	-2.0084e-05
0.000275152	-5.22185e-05
0.000135567	0.000110462
0.000209209	-6.86205e-05
0.000239335	-5.18838e-05
0.000225946	-3.51471e-05
3.84944e-05	4.68628e-05
0.000175735	-0.000112973
0.000220925	-5.52311e-05
0.000233979	-0.000134563
0.00015063	-4.51891e-05
0.000220924	-5.69048e-05
0.000194146	-0.000122178
0.000249681	-5.76439e-05
0.000163183	-2.51051e-05
0.000135567	6.81423e-05
9.03782e-05	8.03362e-05
0.000257076	-0.000121365
0.000151886	-7.40599e-05
8.03362e-05	-0.000120504
0.000140588	-0.00010042
0.000244356	-0.000127199
0.000193309	-7.02941e-05
0.000204606	-8.66125e-05
3.34734e-05	1.00421e-05
2.67787e-05	-1.33894e-05
0.000125525	-6.02521e-05
0.000284524	-0.000107115
9.87466e-05	-0.000107115
0.000256072	-5.02101e-05
0.000160672	-0.000105441
0.000125525	-0.000115483
6.86205e-05	-3.68207e-05
0.000286198	-0.000110462
3.71555e-05	-1.10462e-05
2.17577e-05	-7.36415e-05
0.00029624	-0.000133894
8.87046e-05	-4.35154e-05
2.94565e-05	-1.87451e-05
0.000280173	-6.72816e-05
6.72816e-05	-4.01687e-06
4.18418e-05	-0.000108789
0.000105441	5.02101e-05
7.53152e-05	-8.03362e-05
0.00022762	-6.19258e-05
0.000271135	2.0084e-05
0.000175735	7.02942e-05
0.000155651	2.51051e-05
0.000220925	-3.2278e-05
3.0126e-05	4.01681e-05
0.000235988	-1.5063e-05
0.000179083	-0.000107115
0.00013222	7.36415e-05
0.000170714	-5.02101e-05
2.0084e-05	6.02521e-05
0.00020084	5.02099e-06
0.00015063	-4.01681e-05
0.000230967	-1.0042e-05
0.000158999	-9.87466e-05
0.000291219	-0.000110462
0.00029624	-7.02942e-05
0.000105441	0
7.69888e-05	-0.000120504
0	-3.0126e-05
9.53993e-05	-5.52311e-05
0.000170714	-4.41849e-05
2.0084e-06	4.11723e-05
0.00029624	-7.53152e-05
0.000169041	-7.9858e-05
0.000281177	0.000110462
4.18409e-06	-3.34732e-06
0.000160672	-0.00010042
0.000237661	1.33894e-05
0.000252724	-0.000122178
0.000160672	-9.03782e-05
0.000198832	-6.62773e-05
0.000204188	-5.43943e-05
0.000258582	-5.02101e-05
0.000110462	-0.000125525
0.000281177	-0.000115483
1.67367e-05	-2.34314e-05
0.000138436	-0.000105441
0.000257745	3.34734e-05
0.000276156	-9.03782e-05
0.000225946	1.5063e-05
0.000189125	-8.36838e-06
0.000266114	-0.000105441
0.000103768	1.33893e-05
3.11303e-05	-0.000103433
0.00015063	0
0.000103768	-3.17998e-05
0.000110462	-0.00010042
0.000130546	-0.000123015
0.000115483	-0.000140588
0.000133559	-9.4395e-05
0.000102572	-0.00010042
0.000287871	8.36831e-06
9.53992e-05	-9.03782e-05
0.00011381	-3.34732e-06
0.00020084	-0.000115483
0.000160672	0.000110462
8.70308e-05	-6.86205e-05
0.000225946	-1.5063e-05
0.000180756	-0.000120504
1.5063e-05	9.03783e-05
1.33894e-05	-1.67367e-05
0.000175735	-4.01681e-05
9.23866e-05	-0.000144605
0.000244356	-4.68628e-05
0.000161342	-9.90813e-05
8.03362e-05	-3.0126e-05
0.000158664	-8.18425e-05
0.000196824	-6.82858e-05
0.000200338	2.41008e-05
0.000118496	-7.63194e-05
0.000125525	-0.000120504
0.000115483	-5.02112e-06
0.000207535	-2.84524e-05
0.000118831	-2.84524e-05
0.000180756	-0.000130546
0.000115483	-0.000125525
0.000128538	-5.12143e-05
7.33067e-05	-7.9332e-05
0.000205861	3.51471e-05
0.000279503	-0.00011381
0.000130546	1.50631e-05
0.000169041	-9.70729e-05
0.000299587	6.69478e-06
0.00010042	-9.03782e-05
0.000281846	-0.000113308
0.000291219	-0.000135567
0.000266114	5.02101e-05
0.00013943	-0.000114325
0.000105441	0.000105441
0.000142262	-4.35155e-05
0.000187451	-4.68628e-05
7.78257e-05	-0.000145609
0.000125525	-2.86912e-06
9.37255e-05	7.19677e-05
0.000227619	-0.000142262
0.000146279	-3.38081e-05
0.000165693	-3.01261e-05
0.000195819	0.00010042
8.23446e-05	5.92479e-05
6.72816e-05	-1.90799e-05
0.000117994	-0.000105441
3.89867e-05	-5.72142e-05
0.000261093	-1.0042e-05
0.000271135	-0.000130546
3.61513e-05	5.22185e-05
5.64864e-05	5.89969e-05
0.000291219	-9.03782e-05
1.33893e-05	-6.02522e-05
0.000184104	-0.00010042
0.000107952	-0.000140588
9.37255e-05	-6.69468e-05
6.02521e-05	5.02101e-05
0.000145609	5.02099e-06
0.000209878	-9.33908e-05
0.00015063	3.0126e-05
0.000165693	-0.000115483
0.000221594	5.15491e-05
0.000181761	-2.0084e-06
0.000197493	-7.69888e-05
2.67788e-05	-7.69888e-05
0.000153978	-0.000133894
2.34314e-05	-8.70309e-05
0.000148622	4.01681e-05
0.000282335	4.13268e-05
2.17576e-05	3.17997e-05
0.000115483	-9.53993e-05
0.000209209	-3.68208e-05
0.000198689	5.88175e-05
4.51891e-05	-7.02942e-05
0.000153978	3.68208e-05
0.000272808	-3.68208e-05
0.000110462	0.00010042
7.02942e-05	4.51891e-05
0.000268983	4.01681e-05
8.13404e-05	-0.000128538
0.000244356	-4.85365e-05
0.000205862	-8.03362e-05
0.000246029	-0.000145609
0.000147283	-2.84524e-05
0.000139333	-1.12972e-05
0.000248261	-3.17997e-05
9.53993e-05	-9.03782e-05
0.000165693	4.80582e-05
9.03782e-05	-5.02099e-06
0.00024603	-8.53572e-05
0.000241009	-0.000130546
0.000263771	-0.000105776
0.000119668	1.67368e-05
0.000138078	-7.53152e-05
0.000130546	0.00010042
0	0.00010042
0.000281177	-8.53572e-05
0.00020371	-5.52311e-05
0.000147283	6.86205e-05
0.000197702	2.82432e-05
0.000130546	-7.53152e-05
8.50225e-05	-3.74902e-05
7.02942e-05	-0.000105441
0	5.52311e-05
0.00015063	1.5063e-05
0.000118831	-8.87045e-05
0.000235988	0
0.000212556	-0.000148957
0.00010042	-5.02099e-06
0.00029624	-8.53572e-05
8.13404e-05	-0.000103433
0.000213895	-0.0001195
0.000192472	-8.20099e-05
0.000175735	-4.51891e-05
1.50631e-05	-0.00010042
0.00029624	-4.01681e-05
0.000271135	-1.0042e-05
0.000198832	-0.000124521
0.000237661	-0.000122178
9.53992e-05	4.85365e-05
9.03782e-05	-0.000110462
8.20099e-05	-3.84944e-05
1.5063e-05	-2.51051e-05
6.19258e-05	-0.000118831
0.00013222	1.12376e-05
7.2446e-05	-6.02521e-05
0.000105776	-2.74482e-05
0.000130546	1.5063e-05
0.000218055	-8.53572e-05
0.000266114	-7.2446e-05
8.53572e-05	5.02099e-06
0.000187451	6.35995e-05
0.000241009	-5.52311e-05
6.35995e-05	0.000127199
0.00029624	-0.000135567
0.000170714	-0.000133894
0.000120504	1.0042e-05
0.000175735	-1.5063e-05
4.01681e-05	2.00841e-05
0.000170714	-6.02522e-05
5.35574e-05	1.33894e-05
6.69465e-06	-5.18838e-05
0.000195819	-7.89017e-06
0.000263101	-1.60672e-05
4.26786e-05	-8.03362e-05
0.000122178	-1.17156e-05
0.000110462	-2.0084e-05
0.00016402	-0.000122178
0.000115483	-6.02521e-05
0.000153978	-0.000127199
0.00015063	1.33894e-05
0.000202514	-0.000118831
0.000185777	-6.02522e-05
5.18838e-05	-9.20519e-05
7.53151e-05	-8.03362e-05
0.000133894	4.35155e-05
3.01261e-05	6.52732e-05
0.000242682	-0.000103768
7.02942e-05	-5.52311e-05
8.83698e-05	-3.91639e-05
0.000254063	1.90799e-05
0.000205861	-0.000115483
3.68207e-05	-4.18417e-05
0.00024603	6.52731e-05
0.000135567	-0.000105441
4.18417e-05	-1.17157e-05
0.000185777	-9.53992e-05
0.000135567	3.0126e-05
0.000168164	-6.9816e-05
6.86205e-05	0.000103768
0.000140588	-6.2404e-05
9.03782e-05	-1.5063e-05
9.33908e-05	-0.000101424
0.000199167	-7.19679e-05
8.36835e-05	8.36834e-06
6.35994e-05	-8.36836e-06
0.000161928	-9.16334e-05
0.000199167	6.35994e-05
0.000187451	-1.17157e-05
0.000117492	8.9374e-05
7.02942e-05	-1.50631e-05
0.000197493	-0.000128873
0.000217577	2.23158e-06
0.000172388	-8.36835e-05
6.52731e-05	-2.25946e-05
0.000193667	-0.000123373
0.000130546	-1.0042e-05
0.000143601	-6.12563e-05
9.03782e-05	-0.00010042
0.00010042	-6.52732e-05
0.000178246	-5.02101e-05
0.000227201	-3.13813e-05
0.000184104	-4.01681e-05
0.000148957	-4.18417e-05
0.000190799	7.02942e-05
0.000185777	0
0.000220925	-3.68207e-05
8.03362e-05	6.52732e-05
3.01261e-05	-1.0042e-05
0.00010042	-0.000105441
0.000130546	-1.0042e-05
0.000299252	-3.11303e-05
0.000256071	-0.000125525
0.00015063	-2.00841e-05
8.32053e-05	7.02942e-05
0.000274482	-6.86205e-05
0.000228958	-0.000106445
7.61519e-05	-6.35995e-05
0.000110462	-0.000145609
0.000120504	-4.82017e-05
0.000220924	0.00010042
0.000120504	2.51051e-05
0.000301851	2.65819e-06
6.0826e-05	-6.13998e-05
8.20099e-05	-0.000117157
0.000179083	-1.33894e-05
0.000204188	-8.20098e-05
0.000123852	-3.68208e-05
0.000170714	-7.02942e-05
0.00024854	6.52731e-05
0.000130933	-9.38543e-05
3.51471e-05	-4.01681e-05
0.00015063	-0.000133894
0.000147283	-0.000102094
0.000119835	-4.68628e-06
7.69889e-05	2.67787e-05
9.13824e-05	-8.33488e-05
0.000297913	2.67787e-05
0.00015063	5.02099e-06
6.27626e-05	-0.000115483
0.000212891	-8.0336e-06
1.5063e-05	-0.000122656
7.02942e-05	-4.01681e-05
0.000301261	-0.000105441
0.000256072	-9.03782e-05
0.000286198	-4.51891e-05
6.89552e-05	-4.08376e-05
0.000189125	-5.69048e-05
0.000274482	-0.000103768
6.52731e-05	-2.00841e-05
0.00015063	-3.0126e-05
4.48544e-05	-5.75743e-05
2.00841e-05	-6.69468e-06
0.000190799	-0.00010042
0.00021423	-8.70309e-05
6.52731e-05	-6.52732e-05
9.00435e-05	-3.78249e-05
0.000227619	-7.36415e-05
0.00010042	-0.000110462
0.000153978	-0.000118831
0.00010745	0
0.000165693	-0.000115483
0.000230967	2.51051e-05
0.000125525	-4.01681e-05
8.36836e-05	-3.68208e-05
0.000284524	-0.000142262
0.000108789	6.19258e-05
0.000183626	-6.52732e-05
0.000210882	2.00841e-05
4.51891e-05	-3.51471e-05
0.000202096	1.88288e-05
5.02101e-05	-7.02941e-05
0.000284524	7.86625e-05
0.000209209	-4.85365e-05
2.17577e-05	-9.87466e-05
4.51891e-05	-9.03782e-05
0.00017674	-0.000109601
0.000115483	-1.5063e-05
4.85365e-05	-3.68208e-05
0.000306282	1.0042e-05
0.000212556	6.69465e-06
0.000145609	7.53151e-06
1.5063e-05	-3.0126e-05
1.72149e-05	-6.52732e-05
0.000111801	-8.77003e-05
0.000230967	-2.51051e-05
9.03782e-05	-3.51471e-05
0.000205861	5.02102e-06
9.23866e-05	-5.42269e-05
0.000131264	-2.86914e-05
2.51051e-05	-0.000135567
0.000190798	-1.5063e-05
0.000145609	-0.000147761
0.000160672	0.000145609
0.000224272	-1.67367e-05
0.000246029	3.01261e-05
0.000125912	-5.67761e-05
8.73656e-05	4.01681e-05
0.000194146	-6.19258e-05
1.33896e-05	1.33894e-05
6.52732e-05	0
0.000167519	3.69729e-05
0.000225946	-8.28467e-05
8.36844e-06	-0.000123852
0.000138915	-4.68628e-05
0.000123852	-0.000143936
0.000180756	-2.29532e-05
0.000165693	-2.0084e-05
0.000138915	-6.19258e-05
0.000110462	-0.00010042
1.63183e-05	-2.13392e-05
0.000153978	2.17577e-05
0.000160672	-3.01261e-05
1.70713e-05	-3.91639e-05
8.53572e-05	-6.02522e-05
0.000137074	-0.000128538
3.98333e-05	-5.25533e-05
0.000271135	-4.0168e-05
3.51471e-05	3.26365e-05
5.52311e-05	7.24461e-05
3.11303e-05	4.71975e-05
0.000291218	-2.00841e-05
0.000304608	1.84103e-05
5.62353e-05	4.82018e-05
0.000286198	5.02099e-06
0.000302934	-0.000108789
0.000184104	-2.84524e-05
0.000118496	3.61513e-05
0.000222598	8.20098e-05
0.00015766	7.43109e-05
0.000160003	-3.1465e-05
0.000179083	-7.69889e-05
9.53993e-05	-4.51891e-05
0.000212556	-0.000143936
0.000187929	-7.78257e-05
0.000120504	-5.02101e-05
0.000281177	4.51891e-05
0.000152304	-0.000118831
0.000101759	-8.3014e-05
6.52731e-05	-6.52731e-05
0.000135149	-9.58176e-05
0.000271135	-4.01681e-05
0.00010042	-3.01261e-05
4.01681e-05	-7.49566e-05
0.000175735	-0.000120504
6.52731e-05	-5.02099e-06
0.000215904	-6.02522e-05
8.36836e-05	-6.69468e-06
0.000123015	-7.53152e-05
0.000165693	8.03362e-05
1.5063e-05	-2.71135e-05
0.000195819	-4.51891e-05
0.000187451	-4.35154e-05
6.52732e-05	-5.52311e-05
4.81179e-05	9.58176e-05
0.000254004	-5.31637e-05
4.51891e-05	4.0168e-05
0.000227954	9.13824e-05
0.000230967	-0.000115483
9.37255e-05	-1.33894e-05
5.91045e-05	-9.23866e-05
0.000261093	1.0042e-05
6.02521e-05	-8.53572e-05
0.000158999	-1.84103e-05
0.000282014	-6.69465e-06
0.000165693	-5.02101e-05
0.000251051	7.02942e-05
2.51051e-05	1.5063e-05
0.000252724	0.000122178
0.000130546	-5.02112e-06
4.68628e-05	-4.35155e-05
0.000168706	-3.91639e-05
5.52311e-05	-5.02099e-06
9.20519e-05	6.35994e-05
0.000229293	-0.000108789
1.33893e-05	-4.68628e-05
0.000172388	1.17157e-05
4.61933e-05	-9.33908e-05
0.000123852	-3.68208e-05
1.33894e-05	-0.000119667
0.000190799	-5.30793e-05
0.00011381	4.35155e-05
8.70309e-05	-5.35574e-05
0.00016402	-5.85785e-05
0.000230967	-7.53152e-05
7.53152e-05	-3.01261e-05
0.000230967	-0.000145609
0.000225946	7.53141e-06
0.000199167	-0.000118831
2.67787e-05	-4.39936e-05
0.000306282	2.51051e-05
0.000102094	-8.36838e-06
0.000259084	4.01687e-06
0.000281177	-0.000130546
0.000137719	-1.5063e-05
5.52311e-05	-7.02942e-05
0.000235988	-2.0084e-05
0.000174062	6.69465e-06
0.000205025	-6.69468e-05
0.000301261	-8.36844e-06
0.000239335	-0.000142262
0.000271135	-0.000110462
0.000225946	-6.52732e-05
7.40599e-05	5.89969e-05
6.02522e-05	-0.000127199
0.000237661	-0.000142262
0.000127534	-0.000149626
2.00841e-05	-7.53152e-05
0.000170714	-0.000140588
3.0126e-05	-5.02102e-06
0.000157325	3.34732e-06
0.000205861	-2.51051e-05
0.000267787	-7.69888e-05
0.000145179	-6.51297e-05
6.82858e-05	-0.000146614
1.5063e-05	2.00841e-05
0.00020084	-5.02102e-06
4.85364e-05	-6.19258e-05
0.000271135	7.02942e-05
0.000141593	-5.32227e-05
0.000107784	-9.50645e-05
4.2846e-05	-0.000101759
3.80162e-05	-4.51891e-05
0.000167845	-2.51051e-05
0.000180756	-1.0042e-05
1.0042e-05	3.5147e-05
4.01681e-05	-0.000110462
0.000194815	-5.22185e-05
3.34734e-05	-7.19678e-05
0.000281177	-0.000115483
0.000130546	-9.37256e-05
0.000241009	-3.5147e-05
0.000110462	4.01681e-05
0.000162346	-0.000107115
0.00024603	-6.02522e-05
0.000115483	-3.01261e-05
0.000273645	-1.0042e-05
0.000116487	-3.71555e-05
5.52311e-05	-3.01261e-05
0.000228289	-8.16751e-05
0.00029624	-0.000145609
2.61093e-05	-3.21345e-05
1.0042e-05	-2.29532e-05
0.000230967	1.5063e-05
9.87465e-05	-0.000108789
0.00020084	-2.51051e-05
8.36831e-06	8.87046e-05
0.000140588	-7.02942e-05
7.02942e-05	5.02099e-06
0.000192472	-2.84524e-05
0.000185777	-8.28467e-05
0.000162346	-0.000128873
9.82684e-05	1.57803e-05
0.000236322	-3.07955e-05
0.00018243	5.18838e-05
0.000272808	-6.19258e-05
7.86625e-05	-6.52731e-05
0.000123015	-7.53152e-05
0.000118831	-2.0084e-05
0.000160672	-5.02105e-06
8.83698e-05	-0.000104437
0.000122178	5.85784e-05
0.000105441	-5.02101e-05
0.000197828	-7.12984e-05
5.52311e-05	-9.53993e-05
0.000207535	-4.85364e-05
6.86205e-05	-2.34314e-05
0.000230967	-3.5147e-05
0.000174062	-5.35574e-05
0.000168562	-0.000115483
0	-1.50631e-05
0.000122178	3.84945e-05
0.000130546	-2.47464e-05
6.52732e-05	-7.53152e-05
4.85365e-05	-5.35574e-05
0.000158999	-0.000118831
0.000152304	-1.84104e-05
5.02099e-06	-6.02522e-05
0.000251051	2.00841e-05
7.86625e-05	-0.000122178
0.000180757	-6.02522e-05
5.33662e-05	-8.83698e-05
0.000220924	-7.36415e-05
0.000180756	-2.00841e-05
2.34314e-05	-3.01261e-05
0.000157325	-7.19678e-05
0.000276156	-8.53572e-05
6.86205e-05	6.35995e-05
2.84524e-05	-6.69465e-06
7.0071e-05	-0.000117826
0.000256071	0.000115483
9.03782e-05	3.26365e-05
0.000268983	-8.53572e-05
9.03783e-05	-9.03782e-05
2.51051e-05	-5.02105e-06
0.000269461	-6.19258e-05
0.000168204	-7.02942e-05
0.000225946	5.52312e-05
9.03783e-05	-0.000110462
0.000286198	-3.51471e-05
0.000303413	-6.02521e-05
0.000183769	-6.929e-05
3.01261e-05	-0.00010042
0.000190798	-3.51471e-05
1.50631e-05	-0.000118352
0.000142262	-0.000108789
7.38806e-05	2.15187e-06
2.51053e-06	-2.00841e-05
0.000115483	-0.00010042
0.000292893	-4.85365e-05
0.000288708	6.52732e-05
0.000128873	-7.19679e-05
2.0084e-05	-4.26786e-05
6.02521e-05	-7.36415e-05
9.37255e-05	6.02521e-05
0.000157325	-3.68208e-05
6.86205e-05	-0.000138915
0.000185777	0.000110462
5.02099e-06	-3.26366e-05
0.000276156	4.0168e-05
8.36835e-05	-2.84524e-05
0.000120504	-0.000148479
0.000301261	-0.000110462
0.000135567	-1.0042e-05
0.000115483	3.22779e-05
5.02101e-05	6.52732e-05
9.18128e-05	-8.8585e-05
0.000135567	0
0.000143936	6.69465e-06
0.000215904	-7.02942e-05
7.02942e-05	-0.000125525
0.000120504	-3.01261e-05
4.80583e-05	-9.53992e-05
0.000195819	-5.02101e-05
1.0042e-05	-3.51471e-05
0.000205861	-6.02522e-05
0.00010042	-1.5063e-05
0.000241009	-8.03362e-05
0.00026444	-7.86625e-05
0.000111717	-9.66545e-05
0.000107593	1.0042e-05
0.000213752	5.02099e-06
0.000135567	2.00841e-05
0.000219251	0.000108789
0.00010042	-6.52732e-05
0.000185778	1.00421e-05
0.000115483	7.02942e-05
2.00841e-05	5.02105e-06
0.00016402	-8.95414e-05
8.75091e-05	-2.51051e-05
0	6.2404e-05
5.85785e-05	-8.36831e-06
7.02942e-05	-0.000135567
0.000242682	-9.87466e-05
0.000183626	-0.000110462
1.67366e-06	-2.17577e-05
0.000263603	3.5147e-05
7.19678e-05	0.000212556
7.14418e-05	9.84119e-05
6.86205e-05	-0.000103768
0.000258582	-0.00010042
1.84103e-05	-0.00013222
0.000210883	-7.02941e-05
0.00010831	-3.5147e-05
7.53152e-05	-4.01681e-05
0.000297913	-3.34734e-05
5.52311e-05	-5.52311e-05
6.929e-05	-8.23446e-05
0.000219251	-0.000123852
3.22181e-05	6.48547e-05
0.000148538	-8.57756e-05
0.000278666	-9.53992e-05
2.71135e-05	-4.41849e-05
5.95827e-05	-1.33896e-06
0.000261093	-6.52731e-05
1.30547e-05	-3.91639e-05
0.000251051	-8.03362e-05
0.000153978	-6.64686e-05
0.000205861	1.25525e-05
0.000143936	-0.00013222
0.000244356	1.67368e-05
0.000110462	-1.72149e-05
7.995e-05	-0.000106986
7.53152e-05	-0.000110462
9.03783e-05	-6.02522e-05
0.000237183	-0.000117157
0.000155233	-8.24283e-05
6.69469e-05	-8.36838e-06
7.36415e-05	-1.67367e-05
3.01261e-05	4.51891e-05
0.000135567	-1.21939e-05
7.53152e-05	0.00010042
0.000276156	4.51891e-05
0.000205861	1.0042e-05
0.000145609	1.0042e-05
0.000197015	-9.37255e-05
9.53992e-05	2.51056e-06
0.000182849	-3.8076e-05
0.000135567	-1.5063e-05
9.03782e-05	-0.000105441
0.000230967	-0.00014274
0.00015063	-8.03362e-05
0.000292893	-0.000122178
0.00023264	5.69048e-05
9.03782e-05	1.50631e-05
0.000210882	5.02101e-05
0.000289545	-1.84103e-05
0.000281177	-0.00010042
7.69888e-05	-0.00013222
4.35155e-05	-9.20519e-05
0.000174062	-2.67787e-05
0.000120504	-0.000105441
0.000110462	9.53991e-05
