0.000276156	-0.000115483
0.000256071	-2.00841e-05
0	-0.000115483
0.000194146	-5.18838e-05
1.67366e-06	-0.00013222
9.13825e-05	-2.71135e-05
0.000210882	-0.000135567
0.000207535	-8.36838e-06
0.000210883	3.5147e-05
0.000276156	-2.0084e-05
0.000155651	-1.5063e-05
0.000219251	5.18838e-05
0.000177409	8.36844e-06
0.000215904	1.5063e-05
8.87045e-05	0.000148957
0.000261093	-7.02941e-05
1.0042e-05	-2.0084e-05
0.000251051	1.5063e-05
0.000286197	-8.75091e-05
0.00014561	1.50631e-05
0.000177409	-0.000112136
9.20521e-05	-3.17998e-05
0.000123015	5.52311e-05
0.000284524	-0.000137241
0.000192472	0.000169041
0.000158999	-4.85364e-05
4.35155e-05	5.02101e-05
2.0084e-05	-6.02521e-05
0.000101333	-0.000134198
0.000120504	2.51051e-05
0.000291219	-4.01681e-05
0.000261093	9.53993e-05
0.000195819	0.000110462
0.00020084	2.0084e-05
2.15187e-06	-1.5063e-05
5.02101e-05	4.51891e-05
0.000103768	3.84945e-05
0.000302934	3.68208e-05
0.000185777	0.000145609
7.19678e-05	-8.36838e-06
0.00013222	-1.84104e-05
0.000119249	-0.000119249
0.00030193	2.87871e-05
0.000125525	3.51471e-05
0.000208874	2.66114e-05
0.000286198	2.51051e-05
0.000155651	-0.000125525
1.5063e-05	-7.28047e-05
9.03783e-05	-0.000110462
3.0126e-05	2.51051e-05
0.000225946	5.021e-06
8.87046e-05	-7.86625e-05
0.000215903	-4.01681e-05
8.20098e-05	-3.68208e-05
0.000217577	7.9858e-05
3.21345e-05	-1.0042e-06
0.000135567	-0.000120504
0.000271135	-5.02105e-06
8.20099e-05	9.20519e-05
9.87466e-05	0.000133894
3.54818e-05	-7.36415e-05
9.53992e-05	-5.02102e-06
0.000256071	4.51891e-05
0.000230967	1.0042e-05
0.000124521	-3.81597e-05
0.00020084	-5.52311e-05
8.53571e-05	3.01261e-05
5.02099e-06	-4.51891e-05
4.01681e-05	-5.81003e-05
2.51051e-05	2.51051e-05
0.000205862	-8.32053e-05
0.000294566	-3.17998e-05
0.000286198	-3.51471e-05
0.00029624	-1.5063e-05
0.000110462	-0.000125525
0.000276156	-1.0042e-05
9.70729e-05	7.19679e-05
7.02941e-05	3.0126e-05
9.03782e-06	-0.000113475
6.52732e-05	7.02942e-05
5.52312e-05	-0.000120504
0.000103433	-6.62774e-05
0.000162346	1.84104e-05
3.87987e-05	-0.000110006
0.000125525	0.000145609
0.000235988	3.0126e-05
1.0042e-05	-1.5063e-05
1.5063e-05	-5.02101e-05
0.000178748	-7.12984e-05
0.000120504	7.02942e-05
0.000143936	-9.87466e-05
0.000104437	-0.000132555
2.17577e-05	5.35574e-06
0.000185777	-0.000125525
1.67366e-06	-4.18418e-05
0.000256072	-3.0126e-05
0.000103768	-9.37255e-05
2.00841e-05	0.000130546
5.02101e-05	-5.02105e-06
0.000194146	1.67366e-06
5.02099e-06	-3.51471e-05
3.61513e-05	-5.93914e-05
0.000125525	2.0084e-05
0.00028285	-0.000133894
0.000208372	2.92892e-05
0.000210882	-0.000123852
0.000108789	-8.20099e-05
0.000165693	-6.52732e-05
3.68208e-05	-0.000112136
0.000249377	-9.87466e-05
6.69465e-06	3.34734e-05
0.000135567	-7.02941e-05
0.00019582	0.000130546
7.53152e-05	0
0.000212556	1.33894e-05
0.000189125	-3.34736e-06
8.9123e-05	8.66125e-05
0.000111466	-3.21345e-05
0.000170715	-6.69468e-05
0.000241009	1.75735e-05
0.000301261	-0.000115483
2.84524e-05	1.17157e-05
1.38675e-05	4.68628e-05
1.0042e-05	0
2.0084e-06	-3.91639e-05
0.000292892	-0.000137241
0.000102094	6.69468e-06
0.000110462	6.02521e-05
0.000179083	-0.00011381
0.000147283	-6.19258e-05
0.000143936	0.000107115
0.00013222	-7.19679e-05
0.000234314	-0.000142262
0.000244356	-0.000126721
0.000220924	5.02101e-05
0.000227619	-9.37255e-05
0.000220924	0.000120504
0.000184104	6.9816e-05
0.000122178	9.20519e-05
5.02099e-06	6.27626e-05
9.03783e-05	-1.0042e-05
0.000152304	4.35154e-05
0.000145609	-0.000107952
0.000149291	-1.07115e-05
1.5063e-05	-0.000140588
0.000175735	-7.53152e-05
5.02101e-05	-6.52732e-05
7.02941e-05	0.000170714
4.51891e-05	-2.0084e-05
0.00029624	-8.82264e-05
0.000107952	-0.000120504
0.000140588	-3.51471e-05
0.000138915	-3.68207e-05
9.70729e-05	-6.19258e-05
0.00016402	-0.000137241
7.12984e-05	-9.74076e-05
0.000140588	4.51891e-05
8.201e-05	-2.34313e-05
6.69465e-06	6.69465e-06
0.000130546	-1.5063e-05
9.87466e-05	0.000112136
0.000254398	-6.69468e-06
0.000235988	-1.0042e-05
0.000252724	6.86204e-05
0.000180756	-6.02521e-05
0.000120504	-2.51051e-05
0.000261093	-1.50631e-05
9.70729e-05	8.36835e-06
0.000256072	-2.0084e-05
3.01261e-05	8.53571e-05
5.02102e-06	-6.52732e-05
0.000177409	-0.000118831
1.00418e-06	-4.82017e-05
9.37256e-05	-0.000108789
0.000112614	7.53152e-05
0.000251051	-0.000140588
8.15914e-05	2.88708e-05
0.000169459	-6.90389e-05
0.000125525	-1.5063e-05
3.17997e-05	-8.36838e-06
0.00010042	8.53571e-05
0.000304273	-0.000121508
1.50631e-05	-3.51471e-05
0.000271135	-0.000135567
2.30966e-05	0.000131551
0.000145609	0
0.000256072	-3.29952e-05
0.000243017	-6.52732e-05
8.36836e-05	-0.000133894
0.000121508	6.72816e-05
0.000207535	-8.70309e-05
0.000115097	6.37283e-05
0.000285811	1.15869e-05
2.67788e-05	-0.000122178
0.000163183	0.000135567
0.000291219	2.51051e-05
4.01681e-05	-9.03782e-05
8.03363e-05	7.5315e-05
0.000113331	1.0042e-05
0.000213895	-9.9416e-05
0.000271135	-3.01261e-05
8.41019e-05	-7.40599e-05
1.63183e-05	2.88708e-05
0.000219251	7.36415e-05
0.000189125	-2.84524e-05
0.000200171	8.70309e-06
0.000102931	-5.52311e-05
6.19258e-05	7.86625e-05
0.000276156	0.000115483
1.84104e-05	-4.40733e-05
0.000259419	4.18417e-05
0.00015063	-8.53573e-05
0.000251051	-5.02099e-06
0.000110462	4.76996e-05
0.000205862	1.5063e-05
0.000185778	-2.00841e-05
0.000155651	-7.53152e-05
5.35574e-05	-2.17577e-05
0.000195819	-3.5147e-05
5.02102e-06	-5.02101e-06
0.000262766	-8.70309e-05
1.01815e-05	7.94994e-06
1.33894e-05	-7.36415e-05
3.84944e-05	7.86625e-05
8.53571e-05	-6.52731e-05
0.000235988	0.000110462
0.000198832	0.000131551
2.25946e-05	-3.51471e-05
0.000199502	-5.95827e-05
0.000183626	-7.17299e-06
0.00020084	-5.52311e-05
0.000246029	-5.52311e-05
1.00421e-05	-7.53152e-05
0.000184104	-5.69048e-05
5.02101e-05	5.52311e-05
1.0042e-05	8.03363e-05
7.53152e-05	1.0042e-05
5.02101e-05	9.03781e-05
0.000104186	-0.00012176
0.000184773	0.000103433
6.49384e-05	-0.000131216
0.000235988	-0.00010042
8.53572e-05	0.00010042
2.67787e-06	1.1381e-05
0.000210882	-2.51051e-05
9.03781e-05	5.02102e-06
3.0126e-05	0.00015063
0.000271135	-6.52731e-05
0.000205861	5.02101e-05
0.000279503	-0.000138915
6.52732e-05	-6.02521e-05
0.000122178	-4.35154e-05
0.000110462	-3.29952e-05
2.67787e-05	-7.69888e-05
0	-5.52311e-05
9.03782e-05	-3.68208e-05
0.000267787	-0.000122178
1.84104e-05	8.87046e-05
0.000235988	-6.02521e-05
8.13404e-05	-0.000132555
0.00010042	3.51471e-05
0.000155651	7.53152e-05
0.000135567	-6.77837e-05
0.000266114	9.53993e-05
0.000160672	0
0.000272808	-5.18838e-05
7.53152e-05	9.53993e-05
8.03362e-05	4.01681e-05
0.000210882	-0.000125525
0.000105441	-7.53152e-05
7.36415e-05	6.69471e-06
0.000130546	-8.53573e-05
5.02101e-05	-0.000125525
0.000219251	0.000112136
0.000135567	-2.51051e-05
8.63614e-05	3.31387e-05
0.000152304	-1.67368e-05
0.000125525	0.000105441
0.000209209	2.84524e-05
9.87466e-05	-3.17997e-05
0.000189125	8.36831e-06
0.000175735	3.5147e-05
0.000125525	0
0.000265277	0.000147283
3.34734e-05	0.000152304
8.03363e-05	-0.000115483
0.000133559	-9.94161e-05
0.000215904	2.51051e-05
0.000158162	7.40599e-05
0.000218916	-8.4353e-05
0.00029624	-0.000122656
0.00014424	6.98377e-05
0.000271135	0
0.000144605	0.000143601
9.84119e-05	1.0042e-06
0.000222598	-2.84524e-05
0.000103433	9.13824e-05
1.50631e-05	0.000115483
4.85365e-05	3.17997e-05
0.000256072	0.00015063
0.00028285	-3.34732e-06
1.67366e-06	4.85365e-05
0.00020084	3.51471e-05
0.000174062	0.000157325
2.00839e-05	-3.0126e-05
0.000117157	3.84944e-05
2.84524e-05	1.67373e-06
0.000140588	5.02101e-05
0.000222598	-2.84524e-05
0.000210882	-5.69048e-05
0.000130546	-9.53993e-05
0.000120504	-0.000125525
0.000158999	-0.000138915
5.52311e-05	-0.000112973
8.53572e-05	-2.0084e-05
2.00839e-05	-0.000115483
5.14653e-05	4.64443e-05
8.20098e-05	-8.20098e-05
0.00020084	-2.0084e-05
1.67368e-05	1.84104e-05
0.000169041	-2.34314e-05
0.000225946	-7.02942e-05
0.000169041	0.000137241
1.0042e-05	6.52732e-05
0.000115483	1.0042e-05
6.6389e-05	-3.34732e-06
7.86625e-05	-7.86625e-05
0.000195819	0.00010042
1.67367e-05	6.69471e-06
9.37255e-05	-1.33894e-05
0.000195819	7.53152e-05
0.000285194	-9.23866e-05
6.52732e-05	-0.000105441
5.52312e-05	-7.53152e-05
9.0378e-05	-1.0042e-05
0.00029624	5.02101e-05
0.000145609	-0.000115483
8.03363e-05	3.5147e-05
0.000180756	-9.28887e-05
9.20519e-05	5.35574e-05
0	6.02522e-05
0.000140588	9.53993e-05
0.000140588	0.000170714
0	0.00010042
0.000237661	-3.63425e-05
0.000266114	1.5063e-05
0.000251051	5.52311e-05
0.000165693	0.000145609
0.000208731	-9.53993e-05
0.000113657	0.000133742
0.000205862	8.53572e-05
0.000261093	-5.02101e-05
5.021e-05	-2.0084e-05
3.94986e-05	-3.48123e-05
6.69467e-05	4.35154e-05
2.00841e-05	-8.03362e-05
0.000170715	-6.52731e-05
0.000160672	-6.52731e-05
0.000179083	-3.68208e-05
0.000236322	-8.77003e-05
2.00841e-05	2.34314e-05
0.000289545	-1.33894e-05
0.000125525	7.02942e-05
3.01261e-05	4.01681e-05
9.53991e-05	8.03362e-05
0.000251051	-0.000107115
8.53571e-05	2.51051e-05
0.000165693	3.01261e-05
0.000155651	-8.03362e-05
9.37255e-05	4.85364e-05
0.000165693	5.52312e-05
9.53991e-05	-0.000130546
7.28048e-05	4.26787e-05
1.00421e-05	-5.02101e-05
0.000222598	-0.000123852
0.000291218	0.000130546
0.000244356	-1.33894e-05
0.000120504	-1.5063e-05
2.51051e-05	-5.81003e-05
0.000271135	-0.000118496
8.78677e-05	-0.000110462
6.02521e-05	-8.36835e-05
3.41429e-05	-4.82018e-05
3.84944e-05	-4.18417e-05
9.20519e-05	-8.36835e-05
9.0378e-05	6.52732e-05
0.000187786	-4.01681e-06
0.000216908	0.000143601
3.84945e-05	0.000167367
4.01681e-05	4.51891e-05
0.000206918	-3.93753e-05
0.000165693	3.51472e-05
0.000291219	2.51051e-05
6.19258e-05	-3.34734e-05
8.20098e-05	-0.000112136
0.00016402	-0.000117994
9.20518e-05	-5.35574e-05
0.000251051	-0.000110462
0.000109458	-0.000103433
0.00010745	5.12144e-05
0.000155651	4.01681e-05
0.000127199	2.67787e-05
0.000165693	-3.51471e-05
0.000133057	-6.02522e-05
0.000115483	0.000130546
8.57158e-05	-7.02942e-05
0.000291219	-2.00841e-05
0.000175735	-4.01681e-05
0.000179083	2.17577e-05
0.000194146	-0.000103768
0.000117157	6.69465e-06
9.20519e-05	7.61521e-05
0.000102094	1.84103e-05
0.000137576	0.000101424
0.00013858	-8.4353e-05
8.5692e-05	-4.68628e-05
0.000174062	-0.000122178
0.000215904	-6.52731e-05
0.000235988	-6.52731e-05
2.43444e-05	3.04293e-07
0.000210882	0
8.14521e-05	9.87466e-05
0.000114647	-8.36835e-05
1.5063e-05	9.53993e-05
2.30967e-05	1.10462e-05
7.73235e-05	0.000121509
4.35155e-05	3.34739e-06
0.000200171	-0.000141927
0.00016402	-6.69468e-06
7.53152e-05	-7.02942e-05
0.000180757	5.02101e-05
0.000112136	-8.70308e-05
0.000107115	6.02521e-05
8.08145e-05	-7.36415e-05
9.03772e-06	7.33067e-05
0.000128873	-2.84524e-05
0.000153978	-7.19678e-05
1.5063e-05	0.00010042
0.000172723	9.13825e-05
0.000194146	6.69469e-05
0.000205861	-3.0126e-05
7.53152e-05	-0.000135567
0.000152304	4.85365e-05
0.000148957	-2.17577e-05
1.94145e-05	-0.000121843
1.0042e-05	-5.02101e-05
0.000170714	0.000155651
0.000237661	-7.86625e-05
0.000115483	9.53993e-05
4.21764e-05	-6.02521e-05
0.000193955	3.81596e-05
0.000104437	-4.71975e-05
2.51051e-05	2.51051e-05
0.000106445	0.000102429
8.2488e-05	-0.000115483
0.000195819	2.00841e-05
0.000222598	-0.000123852
0.000110462	-5.85782e-06
0.000125525	-6.02521e-05
0.000175735	5.52311e-05
0.000241009	-0.000125525
0.000155651	0.000120504
8.53572e-05	0.00015852
0.000100034	-4.6734e-05
5.12144e-05	-5.72395e-05
6.35995e-05	-6.69469e-05
5.85785e-05	-9.20519e-05
2.0084e-05	6.52731e-05
9.76586e-05	-0.000121258
0.000156833	1.59491e-05
0.00022762	-0.000137241
0.00020084	-5.35575e-05
2.00841e-05	-7.02942e-05
2.0084e-05	-0.000120504
0.00010042	5.02101e-05
0.000271135	-9.53992e-05
0.000170714	-0.000115483
6.52732e-05	0.00010042
6.02522e-05	-3.0126e-05
2.17577e-05	9.87466e-05
0.00018243	5.18838e-05
4.51891e-05	3.01261e-05
0.000235988	-0.000120504
7.73236e-05	-6.12563e-05
8.20099e-05	0.000142262
4.01681e-05	-1.0042e-05
0.000295235	-6.72816e-05
0.000195819	8.53571e-05
6.19258e-05	-2.67787e-05
0.000279503	-5.52311e-05
0.000299109	-9.03782e-05
0.000234983	-4.82017e-05
0.00020084	-6.02521e-05
0.00016402	3.34734e-05
5.64267e-05	5.69048e-05
0.000210883	-2.0084e-05
5.25533e-05	-6.35995e-06
0.000155651	-4.51891e-05
1.92472e-05	-6.69469e-05
0.00011381	-1.67368e-06
3.34734e-05	-0.000104246
0.000251051	1.5063e-05
4.64443e-05	-3.76577e-06
0.000235988	-8.53572e-05
0.000235988	-5.02099e-06
0.000221403	0.00011381
0.00023264	-8.70309e-05
0.000108789	-8.36836e-06
0.000240339	-8.56919e-05
9.53992e-05	7.78257e-05
0.000247703	0.000103768
0.00027716	5.82437e-05
0.000109625	-9.70728e-05
0.000210882	-0.000120504
2.05861e-05	-6.4269e-05
0.000180756	3.01261e-05
0.000169041	-4.85364e-05
0.000138915	2.84524e-05
0.000207535	-1.67367e-05
0.00024316	-4.51891e-05
0.000137241	4.85365e-05
0.000220924	6.02522e-05
0.000271135	0.000117157
3.68207e-05	-0.000103768
0.00010042	4.51891e-05
0.000286198	-0.000130546
7.89972e-05	-1.20504e-05
0.000153978	-0.000118831
0.000185777	0.000110462
0.000210883	-3.01261e-05
8.53572e-05	4.0168e-05
0.000294566	2.84524e-05
7.69889e-05	-4.39936e-05
0.000105441	-9.28887e-05
0.000271135	7.53152e-05
0.000267787	-8.70309e-05
1.20505e-05	-7.23026e-05
0.000184104	6.69468e-06
0.000284524	2.17577e-05
3.68207e-05	0.00010042
4.0168e-05	0.000115483
8.83698e-05	-8.13404e-05
9.37256e-05	-0.000138915
0.000129542	0.000102429
0.000205861	-0.000125525
0.000267787	-3.34734e-05
0.000121174	-5.15491e-05
0.000216908	-4.10289e-05
2.88708e-05	-0.000116738
1.15868e-06	-6.14108e-05
0.000115483	-5.52311e-05
0.00015766	8.63614e-05
0.000227619	-4.0168e-05
0.000170714	-0.000145609
0.000205862	-7.02942e-05
0.000237661	-4.48544e-05
0.00029624	0.00015063
0.00020084	-1.0042e-05
2.84524e-05	2.34314e-05
0.000174731	-3.21345e-05
0.000158999	-6.35995e-05
0.000128873	-5.35575e-05
0.000202514	4.35155e-05
0.000120504	-0.000125525
7.9332e-05	6.72816e-05
2.84524e-05	8.36831e-06
0.00024603	-5.52311e-05
0.000185777	0.000115483
1.50631e-05	0.000127677
0.000297913	-7.86625e-05
5.02105e-06	-8.03362e-05
0.000125525	-0.000105441
7.51717e-05	-3.0126e-05
0.000122178	-5.69048e-05
8.53573e-05	2.0084e-05
0.000202514	-3.34734e-05
0	5.02101e-05
9.90813e-05	-1.07115e-05
6.52732e-05	-0.000105441
9.79097e-05	-4.51891e-05
0.000225946	1.79322e-05
4.51893e-05	-2.51051e-05
6.14108e-05	-9.92614e-05
0.000160672	-6.02522e-05
4.55238e-05	-2.74482e-05
0.000148957	-0.000122178
0.000217912	-0.000141593
8.23445e-05	5.9248e-05
6.02522e-05	6.02522e-05
0.000235988	-8.03362e-05
0.000281177	-5.02099e-06
0.00021992	-0.000123517
0.000102094	-2.17577e-05
6.02522e-05	6.27626e-05
7.53152e-05	-5.02102e-06
0.000257745	7.02942e-05
0.000215904	-0.000135567
2.51051e-05	-2.0084e-05
0.000127199	-0.000142262
1.67367e-05	5.85784e-05
0	5.02101e-05
8.36838e-06	0.000147283
0.000230967	-7.02942e-05
1.20505e-05	4.36828e-05
0.00013858	-9.4395e-05
0.000267118	-8.83698e-05
0.000225946	5.52312e-05
7.02942e-05	8.03362e-05
0.000205861	-8.03362e-05
0.000257745	-9.87466e-05
4.01681e-05	7.02942e-05
0.000158999	6.19258e-05
8.20099e-05	-0.000102094
2.17577e-05	-7.19679e-05
5.02101e-06	6.52731e-05
8.53572e-05	-1.21939e-05
5.52312e-05	-3.0126e-05
1.67366e-06	1.67367e-05
4.35155e-05	4.68628e-05
3.01262e-05	-2.0084e-05
0.000110462	-3.51471e-05
0.000181761	5.82437e-05
0.000127534	6.12564e-05
0.000180757	1.5063e-05
0.000215904	-0.000130546
0.000300591	-0.000145944
6.69478e-06	-5.85784e-05
0.000276156	-0.000140588
0.00010042	1.50631e-05
0.00010042	-2.0084e-05
2.00842e-05	-6.52731e-05
6.02521e-05	-8.53572e-05
3.17997e-05	-4.35154e-05
0.000190798	-5.52311e-05
8.08383e-05	-6.4269e-05
0.000210883	4.0168e-05
0.00010042	-7.02941e-05
9.70729e-05	-8.20099e-05
0.000225946	-5.85785e-05
0.000199847	-3.39884e-05
0.000210578	2.58658e-05
0.00020084	-6.52732e-05
0.00013222	-2.67788e-05
0.000185777	4.51891e-05
0.000225946	-5.52311e-05
0.000266114	-1.0042e-05
2.05622e-05	-6.69468e-05
0.000130546	2.51051e-05
0.000281177	-9.53993e-05
0.000118831	4.68628e-05
0.000209209	1.67366e-05
0.000105441	0
0.000242682	-8.53571e-05
0.000261762	3.1465e-05
0.000183769	-3.41429e-05
1.33894e-05	-0.00013222
0.000261093	-4.51891e-05
0.000237661	-6.19258e-05
4.0168e-05	-8.03362e-05
0.000276156	-8.53571e-05
0.00019833	0.000105441
0.000272139	5.32227e-05
6.02524e-05	0.00020084
0.000108788	-1.17157e-05
0.000177409	-2.84524e-05
2.92893e-05	-0.000107115
8.03362e-05	2.00839e-05
0.000169599	-3.01261e-05
4.85364e-05	1.75735e-05
0.000180756	-9.53993e-05
1.60672e-05	0.000102429
0.000122178	0.000122178
3.51471e-05	-2.00841e-05
7.36415e-05	0.000172388
1.0042e-05	-6.02522e-05
0.000186196	-0.000148538
0.000129542	-0.000108454
0.00010042	-0.000130546
0.000281177	0.000110462
0.000302934	-3.34732e-06
8.36844e-06	-1.67367e-05
0.000180756	8.03362e-05
7.81844e-05	-8.03362e-05
7.78257e-05	-5.02099e-06
0.000205861	4.01681e-05
9.28887e-05	-0.000109207
0.000210882	8.03362e-05
7.02941e-05	-1.5063e-05
6.02522e-05	0.000105441
5.3609e-05	-5.77803e-05
0.000118831	-7.19679e-05
0.000280507	1.33892e-06
0.000212556	-7.53152e-05
0.000152304	-4.18417e-05
0.000230967	0.00010042
0.000120504	-6.52732e-05
0.000145609	-0.000110462
9.03782e-06	0.000217912
0.000229963	2.81177e-05
6.19258e-05	-8.20099e-05
3.68208e-05	9.70729e-05
2.15187e-06	-3.0126e-05
3.17998e-05	0.000133894
4.18418e-05	-3.17997e-05
2.0084e-05	-4.01681e-05
2.15187e-06	-6.74251e-05
0.000187451	2.00839e-05
0.000249377	-0.00013222
4.51891e-05	0.000120504
6.02522e-05	3.01261e-05
1.0042e-05	5.02101e-05
0.000275151	-0.000148622
0.00013155	-4.31807e-05
0.000130546	-0.000110462
9.53993e-05	8.03362e-05
0.000210883	0.000160672
9.03783e-05	-5.02101e-05
6.69465e-06	-2.17577e-05
0.000205861	7.53152e-05
6.52732e-05	-9.82684e-05
6.52732e-05	8.53572e-05
0.000152639	6.91465e-05
0.00027716	-4.82017e-05
0.000287871	-0.000103768
1.5063e-05	-2.00841e-05
0.000138915	-7.86626e-05
0.000122656	3.51472e-05
0.000160672	6.52732e-05
0.00019833	-9.91053e-05
0.000274482	-2.67788e-05
0.000155651	-9.03783e-05
6.02522e-05	8.03362e-05
0.000180756	-8.03362e-05
0.000304608	-9.20519e-05
7.86625e-05	-5.85785e-05
0.000155651	-4.01681e-05
4.97319e-05	0.00016402
0.000241009	-0.000105441
0.000117157	-0.000107115
0.000155651	-0.000130546
0.00015063	5.02099e-06
0.000162346	1.84104e-05
0.000254398	-8.03362e-05
0.000271135	5.52311e-05
0.000235988	-6.72816e-05
6.02521e-05	6.02521e-05
5.52312e-05	-0.000125525
0.000205861	-0.000115483
0.00014274	0.000145609
0.000279503	-0.000108789
0.000205861	3.5147e-05
0	-6.02522e-05
4.66954e-05	-6.85368e-05
0.000249377	-5.85784e-05
8.36836e-05	5.69049e-05
9.03783e-05	2.00841e-05
5.79398e-05	8.58197e-05
0.000179752	-7.02942e-06
7.02941e-05	4.21765e-05
9.13824e-05	-0.000133559
0.00030126	2.00839e-05
0.000292892	-0.000102094
5.02099e-06	-4.51891e-05
0.000117157	-0.000122178
0.000138915	-7.86625e-05
7.02942e-05	8.32053e-05
0.000210883	-0.000125525
0.000170714	-1.50631e-05
5.85785e-05	-3.90523e-06
6.52731e-05	-1.5063e-05
4.35154e-05	-5.02101e-05
0.000170715	-6.2404e-05
0.000120504	-3.31387e-05
0.000110462	-5.02101e-06
0.000179082	0.000112136
0.000271135	-7.23026e-05
0.00029624	3.0126e-05
0.000167367	-9.37255e-05
0.000110462	-3.51471e-05
0.000291218	-7.02942e-05
0.00029624	-1.50631e-05
5.69048e-05	0.000107115
8.53571e-05	5.02099e-06
0.000147283	0.00011381
0.000148957	7.86625e-05
0.000214648	-8.41019e-05
0.000272808	-3.34734e-06
0.000230967	3.0126e-05
1.90798e-05	0.000118496
4.68628e-05	-0.000107115
9.4395e-05	7.0294e-06
4.68627e-05	-8.20099e-05
7.89017e-06	-4.51891e-05
0.000180756	-0.000120504
0.000170715	4.01681e-05
0.00029624	-0.000102572
0.00021423	-5.85785e-05
0.000128873	-5.18838e-05
0.000155651	-0.000112136
6.52732e-05	-4.01681e-05
3.26366e-05	-7.02942e-05
1.0042e-05	-3.51471e-05
0.000179083	-6.86205e-05
0.000292892	-0.000100898
0.000291218	-8.03362e-05
0.000175735	-0.000115483
2.51051e-05	1.5063e-05
7.53152e-05	7.53152e-05
0.000168563	4.51891e-05
7.53152e-05	-1.5063e-05
0.000281177	0.000140588
8.53571e-05	-3.51471e-05
0.000118496	6.12563e-05
4.01681e-05	-0.000133415
0.000256072	6.02521e-05
0.000195819	2.0084e-05
0.000145609	-2.76156e-05
4.35155e-05	0.00011381
1.84103e-05	4.18417e-05
0.000277829	-7.19678e-05
0.000102652	-1.0042e-05
0.00024854	1.80756e-05
0.000229293	-8.70309e-05
4.01681e-05	-5.02102e-06
0.000110462	7.02942e-05
0.000215904	-0.000120504
6.24041e-05	-0.000105441
8.30142e-05	1.1381e-05
8.87045e-05	-0.000137241
0.000120504	1.50631e-05
6.19258e-05	-4.60259e-05
0.000110462	3.34734e-06
0.000251051	-4.01681e-05
5.27206e-05	6.94573e-05
0.000112136	-9.87466e-05
9.37256e-05	-4.68628e-05
0.000266114	-0.000128538
6.2404e-05	2.51051e-05
9.32474e-05	2.00841e-05
6.02522e-05	-0.000113331
2.92892e-05	-5.85785e-05
0.000145609	-5.02101e-05
0.000291219	2.51051e-05
9.28888e-05	-1.67368e-06
7.86625e-05	-5.69048e-05
7.02942e-05	5.52311e-05
0.000205862	-6.52732e-05
0.000241008	-6.52732e-05
0.000137241	5.35574e-05
5.69048e-05	-7.19679e-05
3.71555e-05	-2.10882e-05
3.18e-05	6.19258e-05
0.000262766	2.84524e-05
7.02941e-05	-0.000117635
0.000125525	-5.52311e-05
0.000160672	-0.000120504
0.000179752	-5.32227e-05
0.000206196	-4.95407e-05
0.000165693	2.0084e-05
0.000115483	-0.000140588
0.000268457	-6.56079e-05
0.000175735	0.000105441
0.000108789	7.86624e-05
9.0378e-05	0.000130546
0.000291219	-0.00010042
0.000133224	-5.15491e-05
0.000241009	-0.000115483
0.000160672	-0.000105441
0.00015063	1.50631e-05
0.000137241	-0.000133894
0.000238498	8.70309e-05
9.37256e-06	3.48123e-05
2.95354e-05	-7.67918e-06
0.000101424	0.000278164
0.000108789	-3.17997e-05
0.000190798	2.00841e-05
0.000261093	-5.02101e-05
0.000149626	9.33908e-05
0.000180756	-0.000140588
4.35155e-05	0.000174062
7.02942e-05	0.000140588
0.000111466	4.71975e-05
3.01262e-06	-4.92059e-05
0.000220924	4.01681e-05
0.000135567	-6.52731e-05
0.000190799	-4.01681e-05
0.000110462	-7.02942e-05
0.000261093	-0.000140588
2.00841e-05	-2.00841e-05
0.000301261	-5.02101e-05
0.000289963	-3.13813e-05
0.000235151	-6.35995e-05
0.000123852	-7.69889e-05
5.02102e-06	0.00015063
0.000261093	6.52732e-05
1.13809e-05	5.95827e-05
0.000245695	-0.000107784
0.000260088	0.000122513
0.000205861	4.51891e-05
9.87466e-05	-1.19548e-06
2.71134e-05	-0.000111466
6.02522e-05	1.0042e-05
6.02522e-05	-3.51471e-05
0.000100002	1.71551e-05
0.000261093	7.02942e-05
0.000218916	-6.12563e-05
8.03362e-05	-0.000120504
0.000244021	-7.63194e-05
0.000152304	-3.34734e-05
2.91219e-05	-5.32227e-05
0.000225946	3.0126e-05
0.000237661	-4.18418e-05
9.97508e-05	0.000145275
0.000130546	-9.53992e-05
7.02942e-05	0.000110462
4.68628e-05	-6.86205e-05
7.19678e-05	1.84103e-05
2.30967e-05	-0.000109458
3.34734e-06	5.18838e-05
0.000185777	-5.02101e-05
0.00018243	-7.19678e-05
0.00029624	-7.02942e-05
6.02522e-05	-8.53572e-05
0.000267787	-9.87466e-05
0.000202514	-5.18838e-05
0.000165693	-1.50631e-05
0.00015063	5.02101e-05
2.51051e-05	-0.000115483
3.34734e-05	4.85365e-05
0.000133893	-0.000138915
3.34734e-05	-0.000112136
0.000274482	-0.000117157
0.000212891	-1.90798e-05
5.18838e-05	4.68628e-05
0.000195819	-1.5063e-05
4.35155e-05	-5.18838e-05
0.000225946	1.0042e-05
7.36415e-05	-4.01681e-05
0.000235988	-4.01681e-05
3.84945e-05	1.84104e-05
4.11723e-05	1.80756e-05
0.000161129	-2.14534e-05
0.000165693	9.53993e-05
0.000241008	7.53152e-05
0.000190799	-3.51471e-05
9.13824e-05	-0.000117492
5.02105e-06	0.000180756
0.000180756	0.000115483
2.51051e-05	0
5.85784e-05	0.00016402
0.000276156	-4.51891e-05
0.000230608	-0.000140588
0.000185778	5.52311e-05
8.20099e-05	-1.17157e-05
0.000240339	9.50645e-05
0.00014561	2.22359e-05
0.000130546	-8.53571e-05
0.00021423	-2.67787e-05
0.000175735	-6.02521e-05
0.000256072	-3.51471e-05
0.000241009	3.01261e-05
1.70715e-05	0.000101424
0.000166949	4.14234e-05
0.000289545	-0.000102094
5.52311e-05	6.02522e-05
0.000259419	1.67367e-05
0.000230967	-4.51891e-05
0.000111466	-1.70714e-05
0.000256071	-5.02101e-05
0.000143936	-1.17157e-05
0.000205861	-5.02101e-05
2.00841e-05	-0.000110462
0.000244356	-7.36415e-05
5.85785e-05	5.35575e-05
0.000213393	-6.02521e-05
0.000225946	-7.53152e-05
0.000167367	-9.87466e-05
9.70729e-05	7.36415e-05
0.000284524	-1.84103e-05
1.17157e-05	8.20099e-05
0.000293227	6.92901e-05
9.53991e-05	-4.01681e-05
0.00024603	-3.0126e-05
0.000234314	0.000172388
7.19679e-05	-3.17997e-05
6.41573e-05	-0.000137799
5.92479e-05	-5.72395e-05
0.000227619	-8.87045e-05
9.37256e-05	-4.10049e-05
0.000300256	4.71975e-05
6.52732e-05	0
0.000105441	7.02942e-05
2.76156e-05	-1.0042e-05
4.51891e-05	2.51051e-05
2.67787e-05	-0.000127199
0.000105441	0.000155651
6.32647e-05	-1.60673e-05
3.06044e-05	-0.000123852
4.85365e-05	1.17157e-05
6.86205e-05	-0.000103768
1.13809e-05	-9.30561e-05
3.34732e-06	-5.69048e-05
0.000256072	1.50631e-05
5.69048e-05	0.000142262
6.86205e-05	-7.69889e-05
5.85785e-05	-5.85786e-05
4.41849e-05	-6.72816e-05
0.000194146	-0.000127199
0.000304608	5.69049e-05
0.00026511	-3.81596e-05
6.02521e-05	-6.31213e-05
0.000269461	-6.19258e-05
7.53152e-05	7.53152e-05
0.000259419	-9.20519e-05
0.000185777	0.000125525
0.000241009	0.00010042
4.0168e-05	-2.00841e-05
0.000205862	4.01681e-05
0.000227619	1.33893e-05
7.53152e-05	-4.80583e-05
0.000112136	-3.84944e-05
6.02522e-05	-3.01261e-05
2.84524e-05	-7.36415e-05
0.00028921	-4.82017e-05
2.51051e-05	9.03781e-05
0.000225946	-5.52311e-05
0.000274482	8.70308e-05
0.000120504	3.01261e-05
3.51471e-05	3.01261e-05
0.000286198	-2.0084e-05
5.10469e-05	-0.00011381
0.000130546	-5.02101e-06
0.000235988	-3.51471e-05
0.000194146	-0.00011381
0.000170714	-0.00010042
0.000235988	-0.000125525
6.02521e-05	-6.02521e-05
0.000205862	0.00010042
1.67366e-06	7.86626e-05
0.000180757	-0.000130546
0.000184104	1.67367e-05
6.52731e-05	-5.77417e-05
3.0126e-05	1.0042e-05
9.53992e-05	3.22779e-05
0.000156847	-0.00011381
8.53572e-05	-0.000145609
2.5105e-05	-4.01681e-05
0.00029624	-5.52311e-05
8.70309e-05	3.68208e-05
0.000164689	3.01261e-06
2.00841e-05	-0.000125525
0.000128873	-9.87466e-05
5.02105e-06	-0.000105441
0.000272809	6.69468e-06
0.000118831	-5.18838e-05
0.000165693	-5.02102e-06
0.000161928	-0.000136823
0.00025723	-0.000146768
0.000304608	-6.69468e-05
0.000153308	-1.13809e-05
9.53993e-05	5.02105e-06
2.0084e-05	-4.01681e-05
0.000120504	-5.02102e-06
0.000182095	-1.94146e-05
0.000157325	-3.34739e-06
1.5063e-05	-5.02101e-05
0.000118831	6.35995e-05
0.000284524	-6.35995e-05
3.34734e-05	3.34732e-06
8.78677e-05	0.000110462
8.87046e-05	-2.17577e-05
0.000300256	-6.22605e-05
0.00010042	-5.02101e-05
0.000282851	-3.34734e-06
0.000170715	-4.01681e-05
4.71975e-05	1.60672e-05
0.000225946	-0.000110462
0.000219251	8.20099e-05
1.21939e-05	6.52732e-05
5.27206e-05	-0.000105441
1.67366e-05	-5.85785e-05
1.84104e-05	1.67367e-05
5.18839e-05	-1.33894e-05
9.95834e-05	-0.000123852
0.000105441	-0.000110462
0.00015063	-2.51051e-05
0.000122178	-4.85364e-05
0.000123517	6.4269e-05
7.86625e-05	3.84944e-05
0.000128873	-0.000103768
0.000102094	-3.34734e-05
0.000138915	-0.000112136
0.000155651	-0.000105441
4.0168e-05	-5.52311e-05
0.000166698	1.70715e-05
0.000251051	2.51051e-05
2.79742e-05	1.5063e-05
0.00014561	-5.02101e-05
0.000110462	-0.000115483
3.51471e-05	5.02101e-05
0.000143458	0.00012696
0.000204188	-7.69888e-05
3.5147e-05	5.02102e-06
0.000160672	0.000105441
8.36835e-05	-6.69468e-05
0.000289545	-3.34732e-06
0.000281177	-4.01681e-05
2.0084e-05	-0.00010042
0.000185778	3.76576e-05
9.53993e-05	-0.000125525
0.000120504	-9.53992e-05
0.000172388	-1.17157e-05
0.000148957	2.34314e-05
0.000175735	2.0084e-05
2.67787e-05	-0.00011632
0.000143458	4.01681e-05
0.000190798	2.51051e-05
4.35155e-05	1.33894e-05
5.52311e-05	-2.00841e-05
2.72569e-05	-0.000130546
1.5063e-05	4.51891e-05
0.000193189	-5.11665e-05
0.000179083	-6.86205e-05
0.000302935	-0.000107115
0.000202514	1.17157e-05
0.000145609	-0.000130546
0.000180757	-0.000125525
5.02101e-05	-0.000110462
2.51051e-05	-9.53992e-05
0.000251051	-6.52731e-05
0.000130546	-2.0084e-05
0.000165693	9.53993e-05
3.0126e-05	-4.80582e-05
0.000125525	6.02521e-05
0.000268983	-1.5063e-05
7.19679e-05	4.35155e-05
0.000199167	-1.17157e-05
0.000205861	-5.02101e-05
0.000138915	1.17158e-05
3.17997e-05	0.000172388
0.000120504	-7.53152e-05
7.02941e-05	-7.53152e-05
1.0042e-05	3.01261e-05
4.5189e-05	-0.000132698
0.000190799	-9.53993e-05
0	-0.000102931
1.0042e-05	-9.03782e-05
0.000105441	-2.0084e-05
0.000235988	-8.87045e-05
9.53991e-05	-0.000115483
0.000118831	3.84944e-05
0.000192472	-2.84524e-05
0.000160672	-9.03781e-05
1.90798e-05	3.21345e-05
0.000175735	-2.00841e-05
0.000225946	0.000115483
1.67368e-05	-1.0042e-05
5.40724e-05	-0.000119345
9.37256e-05	-3.34732e-06
0	-3.01261e-05
4.35155e-05	-0.000123852
4.51891e-05	8.53573e-05
0.000291219	-1.0042e-05
3.74116e-06	2.47113e-05
4.51891e-05	2.00839e-05
1.50631e-05	-6.52731e-05
2.17577e-05	5.18838e-05
0.000261093	-0.000135567
0.000160672	-0.000105441
0.000174062	9.70729e-05
4.01681e-05	2.51051e-05
0.000145051	-0.000117157
0.000107115	-0.000118831
0.000210883	-6.2404e-05
0.00024603	-6.52731e-05
6.19258e-05	7.19678e-05
0.000225946	-5.02101e-06
6.22606e-05	0.000149626
0.000110462	-9.03782e-05
0.000160672	-7.02942e-05
9.03783e-05	2.51051e-05
0.000179083	6.35995e-05
3.0126e-05	-3.51471e-05
2.0084e-05	1.0042e-05
0.000120504	3.0126e-05
0.000263962	-4.51891e-05
0.000251051	-3.34734e-05
0.000220924	-4.51891e-05
5.02105e-06	1.0042e-05
0.000160672	4.01681e-05
0.000230967	-6.02521e-05
3.68208e-05	-0.000127199
0.000220924	-0.000125525
0.000145609	-7.53152e-05
9.87466e-05	-8.36836e-06
3.5147e-05	-1.0042e-05
0.000145609	4.51891e-05
9.53991e-05	0.000130546
0.000306282	-1.5063e-05
8.28467e-05	5.021e-06
0.000215904	3.0126e-05
0.000204188	-0.000142262
0.000237661	2.67787e-05
5.69048e-05	3.68208e-05
0.000193309	-0.000120504
0.000135567	-8.03362e-05
2.51051e-05	-6.02522e-05
0.000120504	2.51051e-05
0.00010042	-0.000120504
0.00020084	-0.000110462
0.000185359	-0.000105023
0.000179083	8.36836e-05
2.51051e-05	2.00841e-05
6.86205e-05	-7.19678e-05
0.000185777	8.03362e-05
0.000279503	-4.18418e-05
7.86625e-05	6.86204e-05
0.000170714	-2.00841e-05
6.74588e-05	2.62274e-05
0	0.000135567
2.34314e-05	0.000162346
0.000266113	7.53152e-05
0.000207535	-0.000137241
0.000180756	6.69469e-05
2.0084e-05	-0.000115483
1.33894e-05	6.86205e-05
4.40304e-05	-1.15868e-06
0.000169041	-4.18417e-05
0.000123517	-4.61933e-05
0.000252724	1.89682e-05
0.000179083	-2.34314e-05
0.000281177	-0.000125525
0.000155651	-0.000125525
0.000167367	7.19677e-05
6.86205e-05	1.67366e-05
1.0042e-05	-7.02942e-05
0.000230967	4.51891e-05
0.000237661	-5.18838e-05
0.0001195	-0.000123517
0.000175178	6.02521e-05
0.000157325	3.34734e-05
0.000137241	-9.45624e-05
0.000149375	2.63603e-05
0.000234792	3.34734e-05
0.000180756	1.0042e-05
0.000110462	0
0.000115483	-6.02522e-05
0.000138915	-8.36835e-05
0.0001195	6.72814e-05
0.000135567	-7.02942e-05
9.53991e-05	-9.28887e-05
0.000291219	-0.000135567
5.02105e-06	6.52732e-05
3.71554e-05	-1.10462e-05
0.000224607	9.70728e-06
1.84104e-05	-3.34732e-06
0.000271135	4.51891e-05
6.15074e-05	8.66124e-05
0.00023264	-1.39472e-05
0.000156847	-0.000117157
0.000137241	-5.69048e-05
0.000140588	-0.000105441
0.000107115	-4.35154e-05
0.00015063	-5.02102e-06
1.33894e-05	2.34313e-05
5.59483e-05	-0.000103289
0.000132555	-1.00418e-06
0.000140588	3.01261e-05
2.51051e-05	1.0042e-05
0.000306282	-0.000110462
0.000108789	-0.00013222
0.000148957	-4.51891e-05
0.000281177	-2.51051e-05
0.000148622	-0.00013155
3.51471e-05	-8.28467e-05
0.00014274	7.53152e-05
6.69467e-05	5.35574e-05
0.000147283	-4.68628e-05
4.01681e-05	-3.68208e-05
0.000306282	0.000125525
4.18417e-05	-4.85365e-05
1.33894e-05	7.02942e-05
0.00026444	-2.34314e-05
5.39758e-05	-3.64023e-05
5.18838e-05	-9.87465e-05
7.02942e-05	-7.02941e-05
5.02101e-05	0.000172946
0.000229711	6.43766e-05
0.000229293	2.34313e-05
0.000185777	6.52731e-05
0.00010042	8.53571e-05
1.50631e-05	-5.02102e-06
0.00011534	0.000146613
0.000192472	-4.18417e-05
9.03783e-05	8.36835e-05
0.000235988	-7.53152e-05
0.000262766	-7.36415e-05
6.86205e-05	-7.86625e-05
7.02942e-05	5.52311e-05
0.000108789	-1.17157e-05
0.000225945	-0.000105441
0.000143099	-0.000105441
0.000135567	-3.51471e-05
0.000152782	-7.02942e-05
0.000138915	2.17577e-05
0.000157325	-4.68628e-05
0.000306282	1.5063e-05
7.53152e-05	-5.02101e-05
0.000167845	-3.51471e-05
0.000125525	-9.53993e-05
0.000122178	0.000169041
3.51471e-05	9.03782e-05
0.000229293	-0.000102094
0.00015063	-0.000130546
0.000235988	7.02942e-05
0.000256072	-0.00010042
0.00026444	1.17157e-05
0.000256072	5.02099e-06
6.52732e-05	0.000120504
0.000140588	7.53152e-05
0.000155651	-0.000125525
6.69465e-06	1.67367e-05
0.000243352	-8.40183e-05
0.00019582	4.51891e-05
0.000128873	-2.67787e-05
0.000301261	0.00010042
6.86205e-05	-7.19679e-05
0	-0.000145609
0.000211552	1.13809e-05
0.000220924	-0.000115483
6.17584e-05	-2.0084e-06
0.000170714	-2.51051e-05
1.67367e-05	-0.000130546
0.000235988	-2.00841e-05
0.00022628	6.76163e-05
1.67373e-06	-8.70309e-05
0.000209209	-8.87045e-05
8.53572e-05	-0.00010042
0.000230966	-0.000110462
0.000106278	6.35995e-05
0.000125525	-3.0126e-05
7.19678e-05	-0.000127757
5.18839e-05	0.000108789
2.51051e-05	4.51891e-05
9.37256e-05	1.33894e-05
0.000228874	-3.47286e-05
0.000210882	-8.36835e-05
0.000138915	-2.76156e-05
0.000171229	-5.30425e-05
0.000103768	-0.000137241
0.000249377	-0.000125525
0.000157325	-7.36415e-05
0.000276156	-3.0126e-05
0.000127199	3.01261e-05
3.51471e-05	7.65705e-05
0.00025723	-2.80018e-05
0.000195819	-0.000112614
0.000281177	5.02099e-06
0.00015063	1.0042e-05
3.84944e-05	-9.20519e-05
0.000237661	-6.69465e-06
5.02101e-05	-0.000135567
3.91639e-05	-0.000117492
0.000220924	4.01681e-05
2.51051e-05	-7.02942e-05
3.51472e-05	7.53152e-05
4.35154e-05	-6.19258e-05
0.000262766	0.000162346
0.000269461	-6.7951e-05
8.33488e-05	-4.11723e-05
0.000234314	-0.000148399
0.000266114	1.0042e-05
6.32647e-05	-0.000135567
0.000302934	-9.70729e-05
2.51051e-05	-7.78257e-05
0.000261093	-6.69468e-05
0.000286198	-2.25946e-05
0.000140975	8.38123e-05
0.000205862	-0.00010042
0.00011381	-7.36415e-05
1.0042e-05	0.000120504
3.71555e-05	-7.4311e-05
0.000237661	-1.84104e-05
7.86625e-05	-3.34732e-06
0.000177744	-4.61933e-05
0.000192472	-3.34734e-06
0.000129542	6.22606e-05
0.000138915	3.34734e-05
1.50631e-05	-8.03362e-05
0.000185778	-9.53992e-05
0.000263244	7.53152e-05
1.5063e-05	-1.0042e-05
0.000221929	4.31807e-05
0.000174062	-0.000117157
8.36834e-05	-5.69048e-05
8.03362e-05	-0.00011381
0.000291219	7.02942e-05
0.000187929	-0.000110462
0.000289067	-5.52312e-05
0.000110462	-0.000110462
1.84103e-05	6.35995e-05
0.000251051	7.02942e-05
1.67366e-06	-1.84104e-05
0.000306282	-0.000125525
2.0084e-05	8.24881e-05
4.85365e-05	-0.000112136
1.01815e-05	-0.000138496
0.000244356	-4.18417e-05
0.000205862	0
0.000223602	0.000105107
0.000135567	-0.000110462
0.000279503	-1.84104e-05
0.000113475	1.90799e-05
0.000103768	5.64266e-05
0.000145609	-2.00841e-05
0.000194481	-3.78249e-05
0.000252724	-4.85365e-05
5.48126e-05	3.8076e-05
0.000291219	0.00010042
3.0126e-05	-4.51891e-05
0.000147677	7.32477e-05
0.000225946	0.000105441
6.24041e-05	-0.000125525
0.00011381	-6.35995e-05
0.000286198	0.000195819
1.5063e-05	2.00841e-05
9.64035e-05	-3.21345e-05
0.000286197	7.02942e-05
0.000294984	-7.40599e-05
4.75322e-05	-5.48964e-05
1.0042e-05	2.0084e-05
1.0042e-05	9.53993e-05
0.000227619	4.18418e-05
0.00015063	0.000140588
0.000215904	-6.02521e-05
2.51051e-05	-9.03783e-05
9.53993e-05	6.81423e-05
9.53992e-05	-0.000115483
0.000190798	1.33894e-05
4.51891e-05	-9.53992e-05
0.00013222	2.17576e-05
0.000111969	5.82437e-05
0.00022695	-8.73656e-05
1.33894e-05	-7.02941e-05
0.000137241	0.000137241
1.5063e-05	1.0042e-05
0.000130546	2.00841e-05
7.19679e-05	7.69888e-05
1.75735e-05	2.51051e-05
8.53571e-05	1.0042e-05
4.01681e-05	-5.02101e-05
0.000102094	-4.18417e-05
0.000230297	-0.00013791
0.000243686	5.48964e-05
0.000256072	-0.000135567
1.46066e-05	0.000164324
0.000134563	-0.000128538
4.01681e-05	0
0.000235988	7.53152e-05
0.000185778	-0.000105441
0.000246029	-0.000120504
0	-5.69048e-05
0.000256072	-0.00010042
0.000227619	8.70308e-05
5.52311e-05	0.000105441
0.000272808	-0.000148957
8.82264e-05	-6.52731e-05
0.000113224	-8.71146e-05
0.000152	-9.08347e-05
0.000175735	-9.03782e-05
0.000115483	0.000120504
8.87046e-05	-0.000147283
0.000299587	-0.00013222
0.000209878	0.00010745
0.000185778	-3.51471e-05
9.70729e-05	-5.97739e-05
9.87464e-05	-6.19258e-05
7.36414e-05	4.68628e-05
0.00027013	0.00015766
6.02521e-05	-0.000110462
0.000301261	-0.000110462
0.000281177	-7.53152e-05
6.02521e-05	-0.000105441
0.00013648	-4.15375e-05
0.000190799	-6.52731e-05
0.000200841	6.02522e-05
7.02942e-05	6.02521e-05
0.000251051	6.52732e-05
0.000165693	-5.02102e-06
0.000241008	0.000120504
8.87045e-05	5.85785e-05
0.000256072	-1.00421e-05
0.000120504	-0.000120504
5.02101e-06	5.02101e-05
0.00028285	-6.86205e-05
2.17577e-05	-1.67366e-06
0.000135954	0.000106986
5.92481e-05	6.32647e-05
0.000220925	8.03362e-05
0.000215904	0.000120504
1.17157e-05	-6.69465e-06
6.86205e-05	-7.36415e-05
0.000169041	-5.35575e-05
0.000181761	-0.000103433
0.000258224	-0.000138078
1.0042e-05	-0.000145609
1.10462e-05	-0.000142597
0.000289545	-6.86205e-05
2.30966e-05	-4.41849e-05
0.000142262	5.18838e-05
3.07955e-05	-5.55659e-05
7.02941e-05	-6.02521e-05
5.85784e-05	-0.000112136
0.000145609	-0.000120504
0.000145609	-2.76156e-05
3.34732e-06	6.35995e-05
0.000220925	-0.000125525
6.86204e-05	-1.17158e-05
0.000239335	-8.20098e-05
8.83699e-05	9.03785e-06
0.000203853	-0.000131551
2.17577e-05	-0.000122178
8.49388e-05	7.94993e-06
6.02521e-05	-8.32053e-05
0.000271804	-0.000111801
0.000160672	-8.03362e-05
0	-5.52311e-05
0.000251051	0.00010042
2.67787e-05	-7.19678e-05
2.51051e-05	3.0126e-05
0.000185443	-0.00010109
0.000235653	2.94566e-05
0.000170715	-2.51051e-05
1.0042e-05	-6.02522e-05
0.000185778	-5.52311e-05
0.000251051	-5.02099e-06
0.000220924	3.5147e-05
2.34314e-05	2.67787e-05
2.51051e-05	7.02941e-05
0.000202514	-0.000102094
0.000234314	-0.00013222
0.000145609	5.52311e-05
0.000120504	4.51891e-05
2.51051e-05	-0.000120504
0.000199167	4.18418e-05
0.000199836	-3.81597e-05
0.000209209	-0.000103768
8.53571e-05	8.03362e-05
0.000271135	2.0084e-05
7.36415e-05	-0.000103768
5.02101e-05	-3.01261e-05
8.03362e-05	-0.000120504
6.35995e-05	0.000162346
1.0042e-05	-0.000123852
0.000130212	4.25112e-05
9.53994e-05	5.52312e-05
0.000220924	-0.000120504
0.000130546	-3.2278e-05
4.01681e-05	-5.02101e-06
0.00023264	-0.000142262
9.87467e-05	5.69048e-05
0.000264105	-0.000146613
0.000115483	4.51891e-05
0.000140588	-1.0042e-05
0.000140588	-5.02101e-05
0.000184104	6.69469e-05
1.17157e-05	-6.69468e-06
2.71135e-05	4.41849e-05
0.000291218	-7.53152e-05
4.68996e-05	2.39464e-05
3.91639e-05	0.000112471
2.91219e-05	0.000122513
0.000140588	6.52732e-05
6.69469e-05	3.34734e-05
3.01262e-06	1.0042e-06
0.000160672	0.000145609
6.69469e-05	6.69468e-05
0.000115483	-3.80163e-05
0.000160673	-6.35995e-05
8.70309e-05	-3.68208e-05
6.02521e-05	-4.76996e-05
0.000135567	3.51472e-05
0.000210882	-0.00010042
9.20518e-05	-6.19258e-05
0.000235988	-0.000110462
0.000138915	0.000122178
6.69468e-05	-8.36836e-06
0.000261093	1.0042e-05
0.000271135	-7.02942e-05
0.000281177	-6.02522e-05
0.000276156	-0.000115483
0.000271135	-2.0084e-05
0.00016402	-0.000120982
0.000286198	-4.51891e-05
5.18838e-05	2.84524e-05
0.000205025	-0.000147283
3.0126e-05	-6.02522e-05
0.000207535	1.84103e-05
0.000251051	0.000155651
0.000291218	-4.51891e-05
0.000182908	-6.52732e-05
0.000230967	5.02102e-06
0.000205862	-5.52312e-05
0.000241008	4.01681e-05
1.29112e-05	-2.72569e-05
8.53572e-05	-1.79322e-05
1.84104e-05	-5.35574e-05
1.67367e-05	5.35574e-05
0.000113475	-0.000116487
0.00021423	7.19679e-05
5.02102e-06	-0.000130546
0.00010042	1.5063e-05
0.00020084	-2.51051e-05
6.929e-05	-0.000113475
2.67787e-05	0.000127199
0.000301261	-6.69469e-05
4.01681e-05	2.51051e-05
6.27626e-06	-1.38078e-05
0.000140588	6.02521e-05
4.0168e-05	6.02522e-05
0.000246029	4.01681e-05
5.94153e-05	-2.34314e-05
1.00421e-05	3.76576e-05
0.000284524	-4.85364e-05
5.02101e-05	0.000183626
0.000170714	-0.00010042
0.000115483	8.03362e-05
0.000202514	-3.84944e-05
0.000180757	-6.02521e-05
9.03782e-05	-6.02521e-05
7.43108e-05	3.21345e-05
8.03362e-05	0.00010042
0.000207535	-2.67787e-05
0.000249377	-0.000143936
0.000236748	-0.000117461
3.51471e-05	-6.7425e-05
5.52311e-05	3.0126e-05
0.000128873	-3.34734e-05
0.000155651	2.51051e-05
1.84104e-05	-1.17157e-05
5.81003e-05	-5.52311e-05
0.000147283	-5.18838e-05
8.87045e-05	1.33894e-05
5.53746e-05	-9.64034e-05
3.51471e-05	-5.02101e-06
0.000230966	-3.01261e-05
0.000235988	-0.000130546
9.53992e-05	-9.03782e-05
7.23026e-05	-3.11303e-05
0.000281177	-3.01261e-05
0.00015063	-0.000130546
6.40181e-05	-0.000146865
0.000281177	-6.52732e-05
0.000235987	-0.000135567
5.69048e-05	-9.03782e-05
9.03783e-05	-1.0042e-05
0.000222598	3.68208e-05
9.87466e-05	-6.86205e-05
0.000160672	0.00015063
0.000106445	-0.00010745
8.03362e-05	-1.0042e-05
0.000233119	5.02102e-06
0.000269461	-0.000128873
0.000277829	-2.67787e-05
0.000123852	-0.000118831
0.000148622	-6.02522e-05
1.0042e-05	-0.000140588
0.000160672	4.232e-05
0.00028285	4.35155e-05
7.86625e-05	-3.84944e-05
0.000125525	6.02521e-05
0.00010042	-2.0084e-05
0.000115483	-9.03782e-05
0.000172388	-8.87045e-05
2.76156e-05	-7.02942e-05
0.000142262	1.67367e-05
0.000169041	-9.20519e-05
1.67366e-06	6.69468e-06
0.000251051	3.01261e-05
0.000222933	-6.02522e-06
0.00013222	-8.87045e-05
4.5189e-05	0.000180756
0.000184104	0.000224272
0.000267787	4.85365e-05
1.43459e-06	2.58223e-05
0.0001195	-0.000133559
0.000169041	0.000108789
3.34736e-06	-6.35995e-05
0.000120504	9.79098e-05
0.000294566	-1.84104e-05
7.02942e-05	0
0.000140588	3.0126e-05
0.000281177	5.02101e-05
7.02942e-05	2.0084e-05
0.000185777	-0.000140588
0.000120504	-7.02941e-05
4.35154e-05	-6.69468e-06
0.00012971	-9.87466e-05
8.0032e-05	-9.15954e-05
0.000148957	0.000148957
0.000269461	-6.69471e-06
5.52311e-05	5.02101e-06
0.00029624	-5.02101e-05
0.000128873	-2.84524e-05
0.000177409	-0.00011381
0.000190798	3.68208e-05
0.000104102	0.000154982
5.18838e-05	0.000123852
0.000266114	-9.03782e-05
0.000118831	-1.17157e-05
0.000267787	6.69469e-05
0.000190799	5.02101e-05
0.000112136	-2.67788e-05
0.000304608	-0.000107115
0.000210883	0.000105441
0.000145609	0.000241009
4.85364e-05	1.67367e-05
0.00029624	-0.000145609
0.000180756	0.000110462
0.000101759	-9.84119e-05
0.000225946	-3.51471e-05
0.000299587	-5.69048e-05
0.000175736	-2.0084e-05
0.000254816	-8.41019e-05
0.000130546	-8.53572e-05
0.000125525	-0.000108789
9.66545e-05	-1.25525e-06
7.02942e-05	3.51471e-05
7.02942e-05	0.000135567
0.000180756	4.01681e-05
0.000271135	-6.35995e-05
0.00015063	0.000145609
0.00013858	0.000111969
2.54398e-05	-6.293e-05
5.02101e-05	-0.000115483
0.000142597	0.000139584
0.000165693	5.02101e-05
3.34732e-06	0.000108789
0.000287871	2.67787e-05
4.51891e-05	-5.52312e-05
0.000180756	-0.000110462
0.000245878	-0.000135719
0.000242682	-8.36831e-06
0.000115483	-6.52731e-05
0.000220924	-6.02522e-05
0.000210882	-1.50631e-05
8.2162e-05	-2.83003e-05
0.000208372	-4.01681e-05
0.000131048	-7.4311e-05
9.03783e-05	-0.000110462
0.000289545	9.20519e-05
0.00015063	7.02942e-05
0.000298248	-9.03782e-06
0.000137241	-0.000131024
0.000177409	1.27199e-05
3.74902e-05	-3.88292e-05
0.000197158	-4.58586e-05
0.000286198	-3.01261e-05
2.17577e-05	-1.17157e-05
0.000190799	-8.53573e-05
5.52311e-05	7.02941e-05
0.000286198	-8.03362e-05
0.000145609	-7.53152e-05
0.000105441	-9.03782e-05
8.36834e-06	0.000152304
4.23199e-05	7.38806e-05
0.000220925	-2.51051e-05
0.000187786	2.10882e-05
0.000228289	-6.56079e-05
0.000116487	7.73235e-05
0.00029624	-3.0126e-05
5.02102e-06	0.000105441
4.18418e-05	-0.000142262
0.000241009	-7.53152e-05
2.84524e-05	-4.85365e-05
0.00020084	7.53152e-05
0.000180757	9.03782e-05
0.000256071	-0.000135567
9.62361e-05	2.67787e-05
0.000291219	-8.03362e-05
0.00011381	-2.17577e-05
0.000170714	-8.53571e-05
0.000210882	2.51051e-05
5.02101e-05	-6.2404e-05
0.000189125	3.17997e-05
9.53991e-05	-3.51471e-05
0.000167367	-0.000104246
0.000280173	-0.000147618
0.000122178	-0.000127199
0.000256072	3.51471e-05
6.52731e-05	-2.51051e-05
3.21347e-05	-6.4269e-05
0.000133894	6.69465e-06
1.67368e-05	0.000149794
7.02943e-05	-3.51471e-05
0.000244356	-3.34734e-05
0.000272808	-3.68208e-05
0.000145609	2.51051e-05
0.000110462	0.000175735
0.000215903	-9.03781e-05
0.000131551	3.71555e-05
0.000286198	7.53152e-05
7.02941e-05	5.02099e-06
1.0042e-05	5.02101e-05
8.23446e-05	6.02524e-06
6.69468e-05	8.03362e-05
0.000165693	2.0084e-05
0.000133894	-5.02101e-05
5.18838e-05	-6.86205e-05
0.000185777	4.51891e-05
0.000244356	4.63846e-05
0.000142597	1.89365e-05
8.92195e-05	2.39463e-05
5.85784e-05	0.000234314
0.000246029	-8.53572e-05
0.000223435	8.78682e-06
6.19258e-05	5.35575e-05
2.51051e-05	-5.02101e-05
3.34732e-06	6.86205e-05
3.74902e-05	-9.90813e-05
2.00841e-05	0.000117157
1.5063e-05	-0.000125525
1.0042e-05	9.68338e-06
0.000229102	-0.00011534
0.000110462	6.02522e-05
4.51891e-05	3.5147e-05
0.000132555	-8.63614e-05
0.000180757	-0.00010042
1.0042e-05	2.51049e-06
5.02101e-05	4.68628e-05
0	-3.01261e-05
0.000204188	2.84524e-05
0.00010042	-7.02941e-05
0.000225946	-8.53572e-05
0.000177744	-0.000120504
5.02101e-05	5.02105e-06
7.02942e-05	-1.0042e-05
0.000235988	-0.000140588
0.000137241	-1.67366e-06
0.000205861	-8.03362e-05
8.70308e-05	2.84524e-05
0.000249377	-6.69468e-05
0.000205862	-9.03782e-05
0.0001136	-9.35164e-05
2.0084e-05	6.52732e-05
4.26786e-05	9.03783e-05
0.000157325	-6.69468e-06
0.000225946	4.51891e-05
0.000110462	-0.000140588
6.02522e-05	-5.02101e-05
6.52731e-05	8.53571e-05
0.000162346	-9.87466e-05
4.53007e-05	-4.88712e-05
1.0042e-05	5.52312e-05
8.11729e-05	9.70729e-05
9.03783e-05	-3.0126e-05
0.000241009	-2.51051e-05
0.000135567	4.01681e-05
0.000155651	0.000160672
0.000170714	-0.000125525
8.87045e-05	8.201e-05
0.000225946	-2.00841e-05
0.000135567	1.0042e-05
3.01261e-05	-9.03781e-05
0.000302934	-3.17997e-05
0.000185777	-0.00010042
9.20519e-05	-0.000118831
0.00013222	-7.69888e-05
0	0.000110462
2.0084e-05	0.00015063
0.000194146	2.34314e-05
0.000190799	-0.000115483
0.000271135	-0.00010042
0.000291219	-1.5063e-05
0.000252724	-8.36836e-06
5.52311e-05	-0.000123015
5.02112e-06	2.51051e-05
0.000102094	0.000127199
8.73656e-05	-0.0001195
3.74902e-05	-5.48964e-05
0.000225946	0.000115483
0.000180757	4.51891e-05
0.000202514	-2.84524e-05
2.00841e-05	0.000120504
0.000195819	7.02942e-05
5.02105e-06	0.000180756
6.02522e-05	-6.69468e-05
0.000305947	6.09216e-05
0.000112136	8.87046e-05
0.000239335	4.85365e-05
0	-6.02522e-05
7.53152e-05	-0.000110462
0.000201845	7.83278e-05
1.0042e-05	8.53571e-05
0.000195819	2.0084e-05
4.5189e-05	-0.000120504
3.68208e-05	-9.20519e-05
0.000256072	0.000210882
3.43102e-05	0.00016402
7.7467e-05	-6.52732e-05
1.5063e-05	-0.00010042
0.000107593	-3.0126e-05
0.00015063	-0.000115483
3.5147e-05	3.5147e-05
0.000130546	3.51471e-05
1.5063e-05	-8.53573e-05
0.000122178	-3.34732e-06
0.000106697	3.64023e-05
7.19677e-05	3.34735e-05
9.70729e-05	-3.84944e-05
0.000228958	-5.42269e-05
0.000281177	7.17287e-06
0.000185777	-0.000105441
0.000269252	-9.10058e-05
0.000302935	-5.35575e-05
5.52311e-05	-0.000105441
0.000246029	-4.01681e-05
0.000220925	8.03362e-05
0.000273812	-6.15911e-05
2.71134e-05	4.11723e-05
7.53152e-05	3.51471e-05
4.35154e-05	5.40356e-05
0.000266113	7.53152e-05
0.000224272	-7.19678e-05
9.37255e-05	-1.96059e-05
0.000286198	-7.53152e-05
0.000279503	-0.000102094
0.000190798	-0.000130546
8.36836e-06	3.84944e-05
7.86625e-05	8.87045e-05
4.01681e-05	-8.25677e-05
3.34734e-05	2.84524e-05
0.000204188	-2.84524e-05
0.000147283	-2.84524e-05
0.000153978	4.18418e-05
8.53572e-05	-6.52732e-05
3.01261e-05	7.02942e-05
0.000110462	-0.00010831
0.000125525	-3.0126e-05
0.000188647	0.000125525
5.02101e-05	0
0.000212556	-0.000118831
0.000235988	0.000110462
9.03783e-05	-7.53152e-05
0.000215904	-0.000135567
0.00029624	2.51051e-05
0.000110462	1.0042e-05
0.000137241	-6.69469e-05
0.000138915	3.34734e-05
0.000142262	-9.87466e-05
0.000138078	-3.51472e-05
0.000237661	-2.17577e-05
3.51472e-05	5.02099e-06
0.000131216	-5.15491e-05
2.25945e-05	-0.000128036
1.17157e-05	-5.85785e-05
0.000220924	0.000123852
0.000138915	0.000133894
5.02099e-06	3.29952e-05
0.000256072	7.53152e-05
6.69471e-06	-0.000147283
0.000215904	-2.0084e-05
0.000107115	3.43102e-05
0.000143458	-8.03362e-05
4.51891e-05	-5.52311e-05
0.000220925	0.000140588
0.000210882	0
0.000286198	-5.02105e-06
5.52311e-05	4.71975e-05
4.71975e-05	-0.000101424
6.19258e-05	-0.000123852
0.000217577	-0.000141067
0.000130546	-8.53572e-05
9.33908e-05	-2.61093e-05
9.03783e-05	0.000135567
4.51893e-05	8.03362e-05
0.000220925	-3.51471e-05
3.11303e-05	3.81598e-05
0.000148622	1.60673e-05
6.69468e-05	8.36831e-06
0.000125525	8.28467e-05
9.49809e-05	0.000145191
0.000107952	-0.000105441
3.51472e-05	-3.80162e-05
5.03775e-05	9.08803e-05
1.29112e-05	-7.53152e-05
2.0084e-05	8.53573e-05
3.01261e-05	-5.02101e-05
5.02102e-06	5.52311e-05
0.000204188	1.84104e-05
0.000130546	-5.52311e-05
3.68208e-05	-0.000147283
0.000140588	-9.03783e-05
4.35155e-05	-6.19259e-05
6.35994e-05	-9.70729e-05
6.52731e-05	-2.51051e-05
9.03783e-05	-6.02521e-05
0.000148957	-7.69889e-05
6.19258e-05	5.85785e-05
8.20098e-05	3.84945e-05
0.000229293	3.84944e-05
0.000105441	-5.52311e-05
7.02942e-05	3.51472e-05
4.0168e-05	-6.52732e-05
0.000130546	3.51472e-05
7.09637e-05	-5.15491e-05
7.31633e-05	-9.03782e-05
0.000205862	-6.19258e-05
3.2804e-05	-9.00435e-05
5.52311e-05	7.53152e-05
0.000162681	-9.03785e-06
0.000266114	5.02101e-06
6.45558e-06	-1.64976e-05
0.000189125	-3.34734e-06
0.000170714	-9.03782e-05
5.02101e-06	1.0042e-05
0.000195229	1.74258e-05
0.000129207	-5.08797e-05
4.7867e-05	-7.66541e-05
0.000306282	8.53572e-05
0.000261093	-1.0042e-05
0.000210883	3.01262e-05
0.000271135	5.02101e-06
0.00029624	2.22359e-05
0.000306282	-2.00841e-05
0.000281177	0.00010042
9.03783e-05	-0.000140588
0.000291218	-0.000130546
5.52311e-05	-4.51891e-05
2.84524e-05	5.02101e-06
0.000170714	-2.00841e-05
0.000180757	0
0.000239335	-4.68628e-05
0.000195819	0.00015063
0.000222598	-4.68628e-05
0.000125525	6.02521e-05
0.000269309	1.82582e-06
0.000202514	-8.36838e-06
0.000142597	1.00418e-06
0.000256072	2.51051e-05
0.000155651	7.53151e-05
9.67689e-06	2.75699e-05
2.25945e-05	5.02099e-06
4.51891e-05	-7.28047e-05
2.0084e-05	0.000251051
1.0042e-05	-4.51891e-05
0.000177409	5.69048e-05
0.000145609	1.5063e-05
9.53994e-05	-7.02942e-05
0.000103433	-3.11303e-05
0.000230966	-3.51471e-05
0.000160672	-5.02101e-05
0.000118831	-4.68628e-05
2.17577e-05	3.17997e-05
0.000197828	-7.53152e-05
0.000172388	-8.87045e-05
0.000174062	0.000130546
6.69467e-05	9.37255e-05
0.000125525	5.52311e-05
8.13404e-05	3.01262e-06
0.00018879	-9.4395e-05
0.000210882	7.02942e-05
0.000110462	-2.51051e-05
0.000238498	-3.01261e-05
7.02942e-05	-7.02942e-05
0.000217577	5.35574e-05
4.51891e-05	2.0084e-05
0.00011381	0.000147283
7.86625e-05	3.84945e-05
2.34314e-05	5.02101e-05
0.000304608	2.17577e-05
2.84524e-05	-0.000122178
0.000289545	-8.70309e-05
0.000172388	-0.000108789
0.000264105	-1.40588e-05
0.000143171	-7.51717e-05
1.67368e-05	1.96059e-05
0.000210882	6.52731e-05
2.54398e-05	7.36416e-06
0.000179752	-9.23866e-05
1.01942e-05	-0.000113962
0.000147283	8.36835e-05
7.53152e-05	-8.03362e-05
1.0042e-05	-5.02099e-06
8.03362e-05	-6.52731e-05
6.7425e-05	8.53572e-05
4.92059e-05	8.0336e-06
7.02942e-05	2.51051e-05
0.000230297	-0.00012586
1.00421e-05	-4.5189e-05
8.73656e-05	-2.91219e-05
0.000158999	-4.18418e-05
0.000283185	0.000162681
0.000185777	-0.000135567
7.02942e-05	-0.000112614
0.000286198	-7.53152e-05
0.000195819	-4.01681e-05
8.87047e-05	5.85786e-05
0.000215904	-7.53152e-05
0.000157325	-8.03362e-05
8.70309e-05	7.86625e-05
0.000301261	7.02941e-05
0.000165693	-0.000120504
0.00024603	-2.0084e-05
8.33488e-05	-3.91639e-05
0.000235988	-8.03362e-05
0.000213895	6.4269e-05
0.000172388	-2.17577e-05
0.000140588	-5.02101e-05
0.000269461	-0.000138915
4.51891e-05	1.79322e-05
0.000185778	1.50631e-05
0.000232305	-0.000143266
0.00029624	0.000110462
0.000148957	-2.17577e-05
4.51891e-05	0.000249377
0.000118831	0.000138915
0.000281177	-6.02522e-05
0.000113475	1.10462e-05
8.36836e-05	-0.000102094
1.5063e-05	7.31633e-05
0.000292893	-0.000123852
9.03782e-06	1.30547e-05
0.000172388	-2.17577e-05
0.000133893	-8.87046e-05
0.000194146	5.02101e-05
0.000291888	-8.50225e-05
0.000230967	-7.02942e-05
0.000120504	-5.02101e-05
0.000238498	0.000108454
4.51891e-05	-0.000105441
9.87466e-05	4.18418e-05
3.84944e-05	-5.18838e-05
0.000208874	5.4227e-05
0.000246448	-3.8076e-05
9.20518e-05	-8.36835e-05
0.000116738	-2.63603e-05
0.000276156	-6.52731e-05
0.000286198	-0.000105441
0.000204188	-2.84524e-05
0.000228456	6.52732e-05
0.000244356	-5.35575e-05
0.000175735	-2.00841e-05
0.000215904	1.5063e-05
0.00012441	0.000102094
0.00010042	2.51051e-05
0.000271135	-6.52732e-05
0.000281176	-2.51051e-05
0.000210882	-2.0084e-05
6.69468e-06	-0.000103768
4.61933e-05	-5.72395e-05
3.51471e-05	-5.77416e-05
3.0126e-05	6.52732e-05
4.01681e-05	0.000117157
0.00010042	0.000160672
0.000149793	-3.34734e-05
9.28887e-05	0.000175735
0.000276156	4.51891e-05
0.000225946	-0.000115483
0.00026444	-9.70728e-05
0.000112136	4.35155e-05
9.70729e-05	-8.70309e-05
5.85785e-05	5.85785e-05
0.000105441	0.00010042
9.70729e-05	-2.84524e-05
0.000261093	-6.02521e-05
0.000170045	-0.000109123
0.00011883	-0.000138915
0.00015063	-0.000133894
0.000154456	-3.68208e-05
0.000202514	0.000143936
0.000148957	1.17156e-05
5.52311e-05	-5.02099e-06
0.000160672	2.51051e-05
0.000165693	-9.53993e-05
0.00015063	-0.000125525
3.51471e-05	3.0126e-05
0.000306282	-0.000145609
5.52312e-05	-3.01261e-05
0.000225946	7.53152e-05
9.4395e-05	-9.84118e-05
0.000112471	-1.60672e-05
0.000200004	-0.000103768
1.5063e-05	1.50631e-05
0.000281177	-1.38078e-05
0.00025172	-4.88712e-05
0.000275152	-6.32647e-05
0.000286197	3.51471e-05
6.69468e-06	-2.17577e-05
4.80582e-05	-2.51051e-05
7.02942e-05	-4.51891e-05
0.000253561	-4.01681e-05
0.000241009	-0.000120504
0.000125525	-2.0084e-05
0.000252724	-0.000148957
5.85784e-05	-9.20519e-05
0.000302934	-4.18417e-05
4.51891e-05	-0.000110462
0.000153978	-2.67787e-05
0.000142262	5.35575e-05
3.17997e-05	-5.18838e-05
0.000229711	8.41019e-05
1.80756e-05	8.13403e-05
0.00026444	-0.000120504
8.82264e-05	-1.5063e-05
0.000243798	-6.13679e-05
1.0042e-05	5.02099e-06
0.00010109	-0.000115149
0.000220924	-3.51471e-05
0.000102094	0.000143936
0.000266114	-5.77416e-05
0.000130546	2.79742e-05
0.000282181	3.50037e-05
0.000175735	3.01261e-05
4.51891e-05	-2.0084e-05
5.69048e-05	2.84524e-05
0.000228958	3.31387e-05
6.94573e-05	2.25946e-05
0.000225946	-5.52311e-05
7.5315e-05	-3.51471e-05
3.07956e-05	-0.000119165
8.70308e-05	-0.000107115
4.51891e-05	0.000218055
0.000204188	-4.01681e-05
0.000195819	1.0042e-05
0.000167367	0.000204188
0.000269879	3.76571e-06
8.63613e-05	-7.33068e-05
7.78257e-05	-3.51471e-05
0.00020084	-9.53992e-05
0.000120504	-6.02522e-05
8.03362e-05	1.50631e-05
8.32053e-05	9.53993e-05
0.000257745	1.67367e-05
6.02521e-05	3.51472e-05
0.000107115	-3.68207e-05
1.17157e-05	0.00013222
0.00021423	-2.96479e-05
0.000195819	-0.00010042
0.000271135	2.51051e-05
0.000105441	-7.02942e-05
0.000149961	-1.1381e-05
7.69888e-05	-0.00011094
2.61092e-05	-1.70715e-05
4.31806e-05	-0.000114479
0.000138078	6.52731e-05
0.000235988	-6.02521e-05
5.02101e-05	4.01681e-05
0.000101424	2.71134e-05
5.02102e-06	-8.53571e-05
0.000205861	9.28888e-05
5.02099e-06	1.5063e-05
2.0084e-05	5.02102e-06
0.00010745	-0.000141593
0.00016653	-4.35154e-05
0.000210883	-7.53152e-05
6.15074e-05	-5.14654e-05
0.000242682	-8.70309e-05
0.000107952	7.53152e-05
9.03782e-05	-0.000135567
0.000276156	-0.000140588
6.3265e-05	0.000199836
0.000267787	1.67367e-05
0.000167367	-0.000148957
0.000235988	-6.02521e-05
0.000259419	-3.68208e-05
4.51891e-05	-1.5063e-05
0.000252724	7.19678e-05
5.27206e-05	-4.51891e-05
2.30967e-05	0.000229962
3.01262e-05	-0.000132698
0.000236825	-3.34739e-06
0.000297913	-3.84944e-05
0.000247285	-4.14233e-05
0.000165693	6.02521e-05
0.000291219	9.53992e-05
3.0126e-05	2.0084e-05
6.49384e-05	-0.000103768
0.000175735	-8.53572e-05
1.0042e-05	7.53152e-05
4.51891e-05	6.52731e-05
0.000271135	-7.02942e-05
0.000187451	-8.36838e-06
0.000205862	5.52311e-05
0.000170714	-1.0042e-05
8.13404e-05	-2.71135e-05
0.000231971	4.21765e-05
9.53994e-05	8.2488e-05
5.85784e-05	7.19679e-05
0.000225946	-2.0084e-05
2.51051e-05	-4.51891e-05
0.000304273	-7.12983e-05
0.00015766	-0.000109458
0.000249377	-8.20099e-05
5.66657e-05	-0.000112614
0.000194146	-9.20518e-05
0.000115483	-4.01681e-05
0.000246029	-6.52732e-05
0.000205862	-9.53992e-05
0.000195819	-0.000135567
0.000238498	-3.0126e-05
6.02522e-05	5.02101e-05
0.000202849	4.61933e-05
0.000128873	0.000112136
1.5063e-05	4.0168e-05
9.94161e-05	-3.81597e-05
0.000157534	0.000156907
0.000202514	5.85785e-05
0.000292892	-4.85365e-05
9.53993e-05	9.03782e-05
0.00010042	9.53993e-05
6.69468e-06	-7.94994e-05
9.03783e-05	-4.01681e-05
6.6389e-05	-0.000117157
6.62774e-05	-8.33488e-05
0.000254398	-0.000128873
0.000287871	8.36836e-06
0.000155651	-7.02942e-05
0.000115483	-6.81423e-05
0.000220924	6.52732e-05
0.000170714	0
0.000165693	-0.000120504
6.52731e-05	-9.53993e-05
6.62776e-05	-4.21765e-05
0.00020084	6.52732e-05
3.34746e-06	4.85365e-05
7.53151e-06	0.000105441
6.52732e-05	-5.02101e-05
0.00010042	7.02942e-05
3.01262e-06	9.9416e-05
5.69048e-05	-9.37256e-05
0.000303413	-4.01681e-05
0.000276155	-7.02942e-05
0.000172388	-1.67366e-06
0.000215904	-4.51891e-05
0.000145609	6.52732e-05
9.20518e-05	4.18418e-05
0.000180756	-8.03362e-05
7.69889e-05	-1.84104e-05
7.53152e-05	-9.03782e-05
0.000103768	0.000177409
0.000192472	-0.000147283
0.000247034	7.23026e-05
4.11723e-05	-1.70714e-05
0.000224272	9.03782e-05
2.17577e-05	-9.20519e-05
0.000259084	-0.000111466
0.000285016	3.4261e-05
0.000289545	3.68207e-05
0.00028285	2.17576e-05
0.000179083	-1.17157e-05
0.000120504	9.53993e-05
0.000162346	0.000158329
0.000227619	-0.00013222
0.000286198	-2.51051e-05
1.5063e-05	-9.03782e-05
4.01681e-05	1.0042e-05
1.50631e-05	-8.53571e-05
9.25301e-05	-4.01681e-05
0.000222933	-9.4395e-05
8.53572e-05	-0.000105441
1.18143e-06	-4.14339e-05
9.37256e-05	4.68628e-05
8.53572e-05	-4.51891e-05
7.36415e-05	-8.36836e-05
0.000120504	0.000145609
0.00026444	-7.69889e-05
7.02942e-05	0.000120504
0.000165693	-5.02105e-06
0.000292892	-0.000112136
0.000215904	-6.02521e-05
3.34732e-06	-2.84524e-05
0.000221381	0.000139219
3.84944e-05	-1.84103e-05
0.000160672	1.0042e-05
0.000209878	-3.71555e-05
0.000112136	-1.17157e-05
0.000286198	-5.02101e-05
9.0378e-05	2.0084e-05
8.53571e-05	-0.000110462
6.32647e-05	7.9332e-05
0.000102094	-5.18838e-05
0.000306281	3.51471e-05
0.000230966	3.0126e-05
0.000202849	2.61093e-05
7.25257e-06	8.36838e-06
0.00029624	-9.03781e-05
5.16447e-05	-1.79322e-05
0.000160672	4.01681e-05
0.000122178	-5.69048e-05
0.000271135	-4.01681e-05
5.02099e-06	-8.53571e-05
0.000202849	5.62353e-05
3.34734e-05	-0.000148957
5.18838e-05	8.20098e-05
0.000301261	-4.01681e-05
4.5189e-05	8.53571e-05
0.000175735	-3.01262e-05
0.000281177	-0.000125525
0.000178748	5.42269e-05
0.000277829	-7.69888e-05
0.000256071	-5.7383e-05
1.33894e-05	-0.000131025
5.85784e-05	2.74482e-05
0.000306282	0.00010042
3.81597e-05	5.70961e-05
5.35574e-05	1.33894e-05
0.000241009	-3.01261e-05
7.69888e-05	-6.69468e-05
0.00019582	-2.0084e-05
0.000241008	3.5147e-05
8.4102e-05	8.66124e-05
0.000237661	6.69465e-06
0.000215904	4.01681e-05
1.0042e-05	0.000120504
8.36835e-05	-0.000117157
0.000284046	-3.72989e-05
2.67786e-05	1.67366e-06
2.67787e-05	-0.000123852
0.000204188	-0.00011381
0.000143936	-8.70309e-05
0.000230297	-8.16751e-05
6.62773e-05	-3.4645e-05
7.86625e-05	3.84944e-05
0.000155438	7.05985e-05
3.63425e-05	3.68208e-05
0.000140588	-0.000120504
2.51051e-05	-0.000125525
3.61513e-05	-7.23026e-05
0.000235988	0.00010042
0.000210882	5.02102e-06
0.000199167	-7.86625e-05
0.000155651	4.01681e-05
7.6989e-05	-6.86205e-05
0.000301261	-9.03782e-05
1.67366e-05	-5.64266e-05
0.000120504	-7.53152e-05
2.0084e-05	5.52311e-05
6.52731e-05	6.02521e-05
0.000110462	-5.02101e-05
0.000112136	-0.000102094
0.000172866	-9.03783e-05
0.000267787	-7.65106e-05
0.000125525	8.03362e-05
8.201e-05	4.68628e-05
0.000299252	6.88598e-06
0.000113331	3.51471e-05
9.37255e-05	7.02941e-05
3.34734e-05	-3.34734e-05
0.00020787	-0.0001195
0.000184104	-7.58731e-05
0.000142262	-3.34734e-05
1.84104e-05	1.61788e-05
0.000185778	-2.51051e-05
6.19258e-05	5.69048e-05
0.00018243	-5.69048e-05
0.000181761	2.81177e-05
0.000120504	-5.52311e-05
0.000224272	-0.000103768
1.5063e-05	-9.25301e-05
0.000125525	-5.02102e-06
0.000160672	-0.000105441
5.52311e-05	-0.000110462
0.000157325	-6.35995e-05
9.03783e-05	6.52732e-05
0.000294566	-4.18417e-05
0.00010042	4.5189e-05
0.00010042	-0.000120504
0.00021423	-0.000140588
0.000107952	4.51891e-05
0.000147283	-9.70729e-05
9.87467e-05	5.35574e-05
0.000251529	-8.92624e-05
8.70308e-05	-9.08564e-05
6.02521e-05	3.51472e-05
2.17577e-05	0.000148957
0.00011638	2.13393e-05
0.000102429	-6.52731e-05
0.000235988	-5.52311e-05
6.52731e-05	-0.000125525
0.000301261	-4.01681e-05
0.000140588	-8.53572e-05
0.000177409	9.20519e-05
0.000192472	-0.000123852
1.25525e-05	-1.0042e-05
7.53152e-05	0.000145609
0.00015063	-0.000105441
0.000291219	5.02112e-06
1.0042e-05	0.000210883
0.000246029	5.02102e-06
4.68628e-05	-3.40313e-05
0.000190799	-5.02101e-05
0.000138915	5.85784e-05
8.03362e-05	-2.51051e-05
0.00020084	2.0084e-05
0.000155651	3.51471e-05
0.000256071	8.53572e-05
0.000121508	-0.000124521
4.68627e-05	0.000140588
0.000115483	1.0042e-05
0.000247703	4.35155e-05
5.18839e-05	-6.19258e-05
7.53154e-06	6.52732e-05
4.7341e-05	-5.77416e-05
0.000165693	-5.52311e-05
0.000135567	-7.02942e-05
4.68628e-05	-6.35995e-05
0.000185777	7.02942e-05
0.000212891	-2.86198e-05
0.000155651	-2.79742e-05
0.000160672	-1.5063e-05
0.000274482	-0.000147283
5.82438e-05	-6.12563e-05
0.000135567	-6.02521e-05
0.000304608	-0.000123852
0.000224941	-8.03364e-06
0.000251051	-1.72149e-05
1.33894e-05	8.36835e-05
0.000107115	4.68628e-05
0.000230966	1.79322e-05
0.000180756	-8.53572e-05
0.000127199	-5.18838e-05
0.000245025	-0.000108454
0.000162346	-5.35575e-05
0.000286198	9.53993e-05
5.02099e-06	0.000135567
0.000137241	-7.86625e-05
0.00029624	-0.000110462
8.87045e-05	3.34734e-05
2.51051e-05	-9.03782e-05
1.62583e-05	-4.68628e-05
6.02522e-05	-0.00010042
6.86205e-05	-9.70729e-05
0.000157325	8.87045e-05
5.52311e-05	-4.51891e-05
1.5063e-05	6.52731e-05
2.38498e-05	-0.000131802
0.000160672	-0.000120504
0.000189364	-9.253e-05
0.000107115	-6.35995e-05
0.000224941	9.84119e-05
0.000257746	0.000104604
4.18417e-05	3.17998e-05
0.000110462	-4.01681e-05
0.00010042	-0.000115483
6.02522e-05	6.27627e-05
0.000195819	-0.000130546
7.86625e-05	-6.69468e-06
5.52311e-05	3.0126e-05
0.000105441	7.02941e-05
0.000247703	-3.43103e-05
3.51471e-05	-9.03783e-05
0.000192472	3.34734e-06
0.000146614	0.000113475
0.00024603	-0.000135567
0.000291218	-0.000140588
8.53573e-05	-0.000145609
0.000252055	9.23866e-05
0.000212556	7.69889e-05
0.000145609	-0.000125525
0.000215904	1.50631e-05
4.68628e-05	7.69888e-05
6.52732e-05	2.51049e-06
0.000230967	-8.75092e-05
1.84104e-05	0.000177409
0.000301261	0
0.000140588	6.02522e-05
3.17997e-05	-0.000147283
0.000126641	6.19259e-05
0.000247703	-6.86205e-05
0.000175735	-4.51891e-05
0.000224272	-5.18838e-05
5.02101e-05	-5.52312e-05
0.000160672	6.52731e-05
0.00010042	-0.000110462
0.000183626	0
5.02101e-05	-8.32053e-05
0.00029624	-7.53152e-05
7.02942e-05	6.52732e-05
0.000140588	-7.02942e-05
0.000277829	-9.20519e-05
0.000257327	1.88288e-05
0.000187451	9.20518e-05
0.000105441	-3.51471e-05
4.5189e-05	5.02099e-06
0.000266114	-0.000145609
4.51891e-05	0.000160672
5.02101e-05	6.52731e-05
0.000247703	-0.000120026
0.000212041	-8.14949e-05
0.000133224	0.000101759
0.000301261	-0.000135567
0.000217577	-0.000122178
8.36835e-05	-6.02522e-05
0.000185777	-8.03362e-05
0.000135233	-6.76163e-05
0.000269461	1.67368e-05
0.000175735	-7.02942e-05
7.19679e-05	5.69049e-05
2.00841e-05	-2.00841e-05
0.000203351	-6.02522e-05
0.000110462	-3.51471e-05
0.000292893	-4.35154e-05
0.000217577	-0.000117157
0.000185777	-4.51891e-05
0.000262766	5.35574e-05
7.41197e-05	-1.33894e-05
0.000281177	-6.02521e-05
0.00027783	-8.20099e-05
0.000300257	4.82018e-05
7.86625e-05	1.84104e-05
5.02101e-05	1.5063e-05
0.000254398	4.18418e-05
0.00029624	2.51051e-05
2.51051e-05	-3.01261e-05
0.000266113	-2.0084e-05
0.000180757	-8.53571e-05
0.000225946	-0.000125525
0.00010042	-2.51051e-05
0.000149449	3.60332e-05
2.00841e-05	-4.51891e-05
0.000129542	0.000203853
0	-2.67787e-05
0.000170714	-0.000102572
7.53154e-06	0.000145609
0.000138915	8.201e-05
0.000180756	-0.000106446
8.53571e-05	-7.53152e-05
8.82263e-05	4.01681e-05
0.000157325	-1.84104e-05
0.000270465	-0.000115818
0.000269461	5.85785e-05
5.35575e-05	-1.33894e-05
4.89549e-05	-1.12972e-05
0.00010042	-2.0084e-05
0.000195819	8.53573e-05
0.000241009	-6.02522e-05
4.0168e-05	-0.000145609
4.82018e-05	-0.000101424
9.79097e-05	-5.02102e-06
5.85784e-05	-4.18417e-05
0.000130546	9.03781e-05
7.58174e-05	-6.02521e-05
2.00841e-05	4.01681e-05
9.03782e-05	5.52311e-05
0.000210882	-1.5063e-05
6.52732e-05	0.000120504
0.000170714	-9.53992e-05
7.9332e-05	3.31387e-05
0.000157325	-3.96899e-05
0.000257745	-7.41197e-05
7.36414e-05	-0.000117157
0.000235988	-0.000140588
6.52732e-05	1.5063e-05
0.000215903	-6.02521e-05
6.82858e-05	-8.4353e-05
4.01681e-05	-3.51471e-05
7.33068e-05	-5.92479e-05
4.51891e-05	-2.51051e-05
7.7467e-05	-2.00841e-05
0.000195819	-0.000135567
3.5147e-05	0
0.000117157	0.000107115
0.000143936	-7.69889e-05
2.51051e-05	-4.01681e-05
0.000193309	4.01681e-05
4.61933e-05	7.83278e-05
0.000274482	-8.03362e-05
7.53152e-05	-2.71135e-05
8.20099e-05	-0.000122178
0.000122178	-0.000107115
4.01681e-05	0.000137241
0.00028285	0.000105441
0.000189125	5.18838e-05
0.000170715	-2.00837e-06
0.000135567	-0.000125525
0.000250549	6.62773e-05
1.50631e-05	3.0126e-05
5.02101e-05	-4.51891e-05
0.000108788	7.69888e-05
7.02942e-05	-6.52732e-05
8.03362e-05	-7.02942e-05
0.000246029	2.00841e-05
3.41429e-05	0.000123517
0.000130546	0.00010042
2.34314e-05	6.69468e-05
5.41153e-05	8.20098e-05
0.000299587	8.20099e-05
0.000189125	6.69471e-06
0.000244356	-7.19679e-05
2.63005e-05	-0.000127199
6.52732e-05	9.03783e-05
0.000298248	-5.92479e-05
0.000118831	-3.17997e-05
0.000286198	-6.02522e-05
9.20519e-05	-5.52311e-05
2.0084e-05	8.53572e-05
0.000261093	1.21939e-05
0.000130546	3.51471e-05
6.62773e-05	-2.81177e-05
8.87045e-05	-0.00011381
0.000286198	-7.02942e-05
0.000234314	-5.35575e-05
0.000135567	-0.000145609
8.53571e-05	-4.01681e-05
1.67366e-06	1.67367e-05
0.000120504	-0.000110462
0.00020084	-7.02942e-05
5.52311e-05	-5.02101e-05
0.000212556	0.000118831
1.5063e-05	-2.00841e-05
0.000230967	8.03362e-05
6.52732e-05	8.53573e-05
3.43103e-05	-2.84524e-05
4.61933e-05	1.30547e-05
0.00011381	-6.69468e-05
1.30546e-05	-7.4311e-05
0.000115483	6.27626e-05
5.02099e-06	4.51891e-05
0.000276156	-0.000140588
2.51051e-05	2.51051e-05
0.000141066	-0.000117157
0.000286198	0
8.03363e-05	3.51471e-05
0.00022695	-0.000112471
0.000221761	-0.000107115
6.69468e-05	-3.01261e-05
0.000253059	-9.94161e-05
0	-0.000130546
6.76161e-05	-5.15491e-05
0.000193309	1.5063e-05
0.000108788	-0.00012441
9.03782e-05	-8.53572e-05
0.000299587	-9.37255e-05
8.36831e-06	-0.000112136
4.26786e-05	-8.53572e-05
0.000218414	2.51051e-05
0.000220924	-5.02099e-06
8.53572e-05	-1.0042e-05
0.000138915	-3.68208e-05
0.000235988	-0.000105441
8.83698e-05	2.87871e-05
2.10883e-05	-0.000133559
7.02942e-05	0.000105441
3.34732e-06	-4.35155e-05
2.34314e-05	5.35574e-05
9.03783e-05	-6.52732e-05
1.0042e-05	1.50631e-05
0.000177409	-2.34314e-05
4.82018e-05	1.10462e-05
0.000184104	-5.69048e-05
3.34739e-06	6.19258e-05
1.7406e-05	2.87871e-05
7.53152e-05	2.0084e-05
0.000107115	-7.36415e-05
0.000186782	-9.84118e-05
0.000185778	5.18837e-05
9.53994e-05	5.52311e-05
0.00024603	-0.00010042
4.01681e-05	0.000110462
0.000152782	-0.000125525
2.71135e-05	-4.11723e-05
0.000175735	5.02099e-06
5.02101e-05	5.02101e-05
0.00018243	-9.20519e-05
2.67787e-05	0.000187451
4.0168e-05	-2.00841e-05
0.000160672	-3.01261e-05
5.18838e-05	-4.85365e-05
0.000127199	-5.18838e-05
3.01261e-05	-6.02521e-05
0.000220925	-6.02521e-05
0.000135567	-0.000110462
0.000121509	1.70714e-05
1.60673e-05	5.22186e-05
1.67373e-06	2.67787e-05
9.53993e-05	0
9.87465e-05	-4.85365e-05
4.51891e-05	9.03782e-05
0.000118831	-6.19258e-05
0.000130546	1.5063e-05
0.000241009	1.0042e-05
0.000103768	-7.36415e-05
1.5063e-05	-6.2404e-05
0.000185443	-0.000123182
1.0042e-05	-8.03362e-05
3.68207e-05	1.67366e-06
0.00019582	-0.000135567
1.7992e-05	4.56075e-05
0.000195819	-5.02101e-05
0.000115483	5.52311e-05
0.00014812	-4.01681e-05
3.26366e-05	-5.02101e-05
0.000215903	3.0126e-05
0	-3.23577e-05
0.000210882	-2.0084e-05
9.20518e-05	-1.84103e-05
8.87045e-05	-1.33894e-05
0.000170714	0.000125525
7.53152e-05	-1.21938e-05
0.000268122	1.00425e-06
2.67787e-05	6.86205e-05
0.000229293	6.86205e-05
2.34313e-05	0.000107115
0.000165693	5.7383e-05
0.000195819	-0.000135567
0.000106623	8.12222e-05
0.00019582	-0.00010042
0.000251051	1.0042e-05
0.000306282	-5.02101e-05
0.000230967	-5.52311e-05
9.03783e-05	-4.76996e-05
7.83278e-05	0.00017674
3.31387e-05	9.9416e-05
0.000256071	0.000120504
0.00015063	-0.000120504
4.35155e-05	-0.00011094
0.000230967	3.01262e-05
0.000190798	-0.000140588
0.000145609	8.03362e-05
0.000238498	-5.02101e-05
1.0042e-05	4.01681e-05
0.000241009	0.00015063
3.61513e-05	1.20505e-05
0	4.76996e-05
0.000256072	-0.00010042
5.18838e-05	5.02105e-06
0.000230967	-8.03362e-05
0.000131885	-0.000143266
0.000202514	-7.69889e-05
0.000128873	0.00016402
8.03362e-05	0.000180756
0.00012653	-7.23026e-05
0.000140588	-1.5063e-05
6.27626e-05	-5.27206e-05
0.00026377	-0.00012586
0.000303771	-9.79097e-05
1.0042e-05	-0.000120504
0.000110462	-6.52731e-05
3.17998e-05	-7.19678e-05
0.000239335	2.84524e-05
1.09347e-05	3.94986e-05
0.000148957	1.84104e-05
0.000220924	-0.000130546
7.7993e-05	-6.35994e-06
0.000235988	-7.02942e-05
0.000174062	-0.000143936
0.000145019	-0.000103078
5.52311e-05	-1.0042e-05
3.51472e-05	5.02101e-05
0.000164689	-1.20504e-05
0.00016402	-9.65947e-05
6.02522e-05	1.0042e-05
0.000215904	-7.02942e-05
0.000267118	8.33488e-05
0.000123373	2.51051e-05
0.000289545	1.33894e-05
1.43458e-05	6.88596e-05
6.02521e-05	-6.02521e-05
1.10462e-05	-5.82437e-05
9.87466e-05	-0.000112136
0.000261093	-7.53152e-05
0.000291219	-9.53992e-05
0.000125525	-2.00841e-05
0.000145609	-0.000115483
9.56383e-06	0.000127199
6.52731e-05	-5.02101e-05
0.000210882	6.52731e-05
0.000124934	-0.00011312
1.17156e-05	-1.84103e-05
0.000129877	-0.000101759
0.000130546	-0.000110462
0.000212891	-0.000141593
0.000241009	-6.52732e-05
3.11303e-05	-6.32647e-05
0.000142262	8.36838e-06
0.000118496	-7.91885e-05
2.67787e-05	-0.000107115
0.000120504	9.03783e-05
1.5063e-05	7.53152e-05
0.000143936	-8.36838e-06
0.000301261	-6.52732e-05
7.19679e-05	-4.85364e-05
0.000110462	3.51472e-05
8.03362e-05	-3.01261e-05
1.5063e-05	-2.51051e-05
8.36831e-06	-5.69048e-05
0.000183769	7.9332e-05
0.000272809	2.84524e-05
0.000261093	9.03782e-05
0.000210882	5.52311e-05
0.000140588	-0.000143099
3.84944e-05	5.85785e-05
0.00023264	5.35574e-05
0.000138915	8.87045e-05
0.000142262	-6.69468e-05
0.000215904	-4.51891e-05
6.69468e-06	6.69468e-06
0.000217577	-6.86205e-05
0.000112136	2.34314e-05
0.000135567	-4.18418e-05
0.000286198	-7.02942e-05
0.000215903	-0.000110462
0.000167367	-8.87045e-05
0.000138078	-2.51051e-05
0.000120504	-5.02099e-06
0.00024603	-0.000140588
1.33894e-05	3.34734e-05
7.63194e-05	-7.23026e-05
0.000169041	-0.000133894
0.000292892	-0.000133894
0.00010042	-0.000112973
5.02101e-05	0.000110462
0.000283185	9.03779e-06
0.000145609	0.00015063
0.000221678	-0.000113224
6.69468e-05	-6.19258e-05
0.000170714	8.03363e-05
0.000279503	-4.85364e-05
8.36836e-05	0.000143936
0.000202514	-8.36838e-06
0.000143935	4.18417e-05
0.000110462	1.67366e-05
3.01261e-05	3.51471e-05
9.53994e-05	6.52731e-05
2.84524e-05	-0.000147283
0.000301261	-0.000125525
0.000170714	-4.80582e-05
0.000189125	-1.84104e-05
4.35153e-05	6.35995e-05
1.70715e-05	-0.000121508
9.20519e-05	3.17997e-05
0.000173225	6.52732e-05
3.93313e-05	-0.000128873
0.000103433	-3.41429e-05
0.000110462	-6.52731e-05
0.000192137	-4.18418e-05
0.000117157	0.000123852
0.00018243	-9.20519e-05
0.000304608	-0.000133894
0.000241009	9.03783e-05
0.000293729	-0.000133057
0.000102094	0.000143936
0.000125525	-9.53992e-05
0.000179083	-0.000108789
5.18838e-05	-2.84524e-05
0.000257745	-9.37256e-05
6.02524e-05	8.03362e-05
0.000163542	3.51471e-05
0.000120504	1.5063e-05
0.000261093	9.03781e-05
0.000247034	-6.02522e-05
0.000193668	-0.000123373
5.52311e-05	0
0.000128873	-2.67787e-05
0.0001195	1.30547e-05
0.000187451	-1.67366e-06
9.17171e-05	-7.78496e-05
7.53152e-05	1.6737e-06
5.2888e-05	-0.000111801
0.000199167	-5.92479e-05
2.51051e-05	-6.52731e-05
0.000205861	-5.2362e-05
1.17157e-05	-2.67788e-05
0.000172388	-3.68208e-05
7.36414e-05	5.85784e-05
9.53992e-05	8.53573e-05
0.000138915	-2.84524e-05
0.000178604	0.000135567
0.000152304	-8.87045e-05
6.35994e-05	-9.87466e-05
0.000128036	-7.53152e-05
0.000302935	-0.000131024
9.03781e-05	-0.000110462
0.00011381	-9.87466e-05
0.000174062	-3.34734e-05
0.000115483	8.03362e-05
0.000306282	0.000125525
6.52732e-05	4.01681e-05
0.000133894	-0.000112136
3.01262e-05	-5.52311e-05
0.000256071	7.02941e-05
1.00421e-05	-5.52311e-05
6.52732e-05	0
0.000115483	-0.000115483
0.000272473	4.28459e-05
4.51891e-05	-0.000128036
0.000133894	5.35574e-05
0.000278164	1.60672e-05
8.53571e-05	3.01261e-05
0.000300257	-0.000132555
0.000276156	0
6.40179e-05	-6.90389e-05
0.000128538	9.23866e-05
0.000207535	7.69888e-05
0.000145609	-7.53152e-05
2.00841e-05	9.03782e-05
0.000100062	-5.02101e-05
8.65527e-05	6.35995e-05
8.36838e-06	0.000162346
3.84946e-05	7.86626e-05
0	0.000135567
9.53992e-05	0
0.000242682	-0.000123852
8.53571e-05	5.02099e-06
0.000292892	-8.87045e-05
0.000160672	-9.53992e-05
0.00015063	9.03782e-05
0.000254398	-4.35155e-05
0.000136572	-3.31387e-05
8.53571e-05	3.01261e-05
0.0001195	-5.32227e-05
9.53994e-05	4.01681e-05
4.31807e-05	-8.93741e-05
0.000137241	-3.09629e-05
0.000180756	-1.21939e-05
7.49805e-05	2.07535e-05
1.5063e-05	-0.000120504
0.000160672	-0.000140588
0	-4.01681e-05
0.000145609	-2.51051e-05
0.00010831	-8.53572e-05
0.000209209	6.19258e-05
8.53574e-05	-4.10049e-05
1.38077e-05	-1.25525e-06
0.000158441	-9.70729e-05
0.000190798	5.52311e-05
0.000205862	-0.000115483
0.000158999	2.17577e-05
0.000294088	-1.29112e-05
5.69049e-05	5.35576e-05
0.000210883	-9.03781e-05
8.53571e-05	8.03362e-05
0.000145609	-7.02942e-05
0.000103289	-6.27626e-05
5.47747e-05	-1.82582e-06
0.00014561	0
6.69468e-05	3.68208e-05
0.000205862	-1.0042e-05
0.000266114	2.51051e-05
4.01681e-05	-4.01681e-05
6.02521e-05	-1.25525e-05
0.000133894	-1.33894e-05
0.000215904	-8.53572e-05
0.000246029	-0.00010042
6.62773e-05	-1.70714e-05
0.000218916	-7.9332e-05
0.000205861	-0.000115483
0.000291218	4.01681e-05
2.51051e-05	2.51051e-05
0.000160672	-5.02101e-05
0.000215903	-5.81003e-05
0.000105441	7.81844e-05
0.000131885	-5.2888e-05
0.000184104	7.36415e-05
4.18418e-05	-1.84103e-05
2.51051e-05	1.0042e-05
3.68207e-05	0.000170714
0.000229293	-7.69889e-05
0.000301261	1.75735e-05
0.000185777	6.02521e-05
3.76576e-05	5.52311e-05
3.34732e-06	-3.01261e-05
0.000115483	0.000145609
0.000112136	-9.87466e-05
5.02102e-06	7.53152e-05
1.5063e-05	-6.77837e-05
0.000130546	4.01681e-05
7.44784e-05	-0.000123015
0.000180757	-0.00010042
1.07114e-05	-5.89132e-05
5.62354e-05	0.000193811
0.000187451	5.35575e-05
0.000165693	7.53152e-05
1.84104e-05	-2.17577e-05
0.000210882	9.53993e-05
8.87045e-05	-4.85364e-05
0.000128873	-3.17998e-05
8.201e-05	-1.17157e-05
0	5.30793e-05
7.49805e-05	-3.2804e-05
7.28046e-05	1.92472e-05
0.00010042	1.0042e-05
7.69888e-05	-6.69468e-06
0.000274482	3.34736e-06
0.000256071	0.00010042
0.000284524	-8.36836e-05
6.7425e-05	6.02521e-05
6.12563e-05	4.71975e-05
2.51051e-05	-1.0042e-05
0.000123852	9.37255e-05
0.000217577	-5.69048e-05
0.000158999	-4.18418e-05
0.000172388	-8.87045e-05
4.51891e-05	-9.53992e-05
6.52731e-05	0
2.0084e-05	0.000190798
4.26786e-05	9.03781e-05
0.00015063	-8.53572e-05
0.00015063	-0.000110462
0.000279503	6.69469e-05
3.51471e-05	3.0126e-05
0.000274997	-1.39044e-05
0.000155986	-0.000129877
0.000225945	-3.51471e-05
4.01681e-05	0.000180756
0.000185777	2.0084e-06
1.17158e-05	-3.81597e-05
0.000244356	-0.000133894
2.51051e-05	-5.77416e-05
0.000281177	-0.000125525
0.000215904	0.000175735
2.91219e-05	-0.000137576
7.78256e-05	3.01261e-05
5.02102e-06	-3.51471e-05
0.000252725	3.17997e-05
0.000210213	-4.55238e-05
2.22359e-05	-5.02101e-05
4.68628e-05	-2.63005e-05
0.000271135	-6.52731e-05
0.00013222	-8.20098e-05
0.000294566	-3.34732e-06
0.000204188	-6.86205e-05
0.000108789	-6.86205e-05
5.02101e-05	-7.02942e-05
0.000119957	6.86509e-05
0.000261093	-2.00841e-05
0.000138915	1.84104e-05
0.000230967	-0.000125525
0.000112136	-4.68628e-05
1.50631e-05	1.0042e-05
2.0084e-05	7.53152e-05
0.000225946	5.02102e-06
3.5147e-05	-3.01261e-05
5.5231e-05	-5.02101e-05
5.27206e-05	6.02522e-05
0.000118831	-0.000148957
0.000276156	5.02105e-06
0.000179083	-0.000122178
8.03362e-05	0.000160672
6.86205e-05	8.87045e-05
0.000127199	-1.67368e-05
0.00024603	-7.53152e-05
5.02101e-05	-0.000135567
0.00020084	2.76155e-05
0.000103768	2.17577e-05
4.01681e-05	2.00841e-05
0.000165693	3.0126e-05
0.000135568	-1.00421e-05
0.000291219	-0.000110462
0.000147952	-6.15911e-05
0.000220924	-2.0084e-05
5.02101e-06	-2.51051e-05
0.000194385	0.000112614
5.69048e-05	-0.000143936
8.20098e-05	-2.17577e-05
0.000174899	-0.000123852
6.02521e-05	1.0042e-05
0.000109028	-3.44298e-05
0.000281177	2.51051e-05
2.17577e-05	0.000122178
0.000179083	-4.18418e-05
4.39936e-05	-9.70729e-05
2.00841e-05	-0.000112973
0.000195819	-6.02521e-05
0.000180756	0.000115483
0.000174062	0.00011381
0.000194146	-2.84524e-05
0.000306282	0.00010042
0.00023264	-0.000137241
2.51051e-05	0
9.79099e-05	5.02101e-05
8.49388e-05	8.82862e-05
1.25525e-05	9.03782e-05
5.02101e-05	-5.02101e-05
0.000142262	-3.84944e-05
0.000116738	-0.000129291
0.000185778	-4.01681e-05
8.03362e-05	3.01261e-05
0.000120504	-2.00841e-05
0.000192472	2.34314e-05
0.000210883	0
0.000251051	-0.000105441
0.000235988	7.53152e-05
0.000171719	-0.000133559
0.000169041	9.37256e-05
0.000197493	6.69465e-06
0.000215904	-0.00010042
9.53993e-05	5.52311e-05
0.000269126	-4.61933e-05
0.000235988	-2.51051e-05
0.0001195	-6.72816e-05
0.000204188	-2.39893e-05
2.84524e-05	-1.17156e-05
0.000241009	-7.02942e-05
0.000158162	8.53571e-05
3.80163e-05	-7.53152e-05
1.50631e-05	-5.021e-06
0.000230967	6.02521e-05
0.000155651	7.53152e-05
0.000262348	3.38919e-05
0.000160672	4.51891e-05
0.000158999	2.84524e-05
0.00020084	-5.52312e-05
0.000239335	6.69469e-05
0.000175735	-0.00010042
8.03363e-05	0.000210882
9.70729e-05	-3.17997e-05
8.53571e-05	2.51051e-05
3.84944e-05	0.000104604
0.00020084	-5.52311e-05
0.000235988	-5.02101e-06
3.51471e-05	-9.53993e-05
0.00010042	1.00421e-05
0.000256072	0.000128873
9.37256e-05	7.20475e-05
0.000110462	0.000130546
0.00021423	-0.000117157
0.000276156	-0.000130546
6.69467e-05	3.34736e-06
0.000262097	-8.9374e-05
0.000301261	9.03783e-05
0.00015063	-9.03781e-05
0.000117492	-6.42689e-05
0.000270632	-6.02521e-06
0.000140588	-9.03782e-05
5.02102e-06	-0.000107952
0.00015063	0.00010042
7.02942e-05	5.52312e-05
0.000162346	-0.000103768
0.000169041	-0.000108789
8.36836e-05	8.89835e-05
1.17157e-05	2.67787e-05
0.000169041	9.70729e-05
1.67368e-05	4.18417e-05
0.000129207	7.36412e-06
0.000145609	-9.03782e-05
3.0126e-05	5.52311e-05
4.6026e-05	-9.37255e-05
0.000256072	-4.51891e-05
0.000220924	9.53993e-05
0.000291218	-7.53152e-05
3.17998e-05	-7.36414e-05
0.000263962	2.51051e-05
0.00026444	2.17577e-05
0.00011381	0.000103768
8.20098e-05	1.17156e-05
