  -1.0483308e+04
  -1.0271524e+04
  -1.0059740e+04
  -9.8479560e+03
  -9.6361720e+03
  -9.4243880e+03
  -9.2126040e+03
  -9.0008200e+03
  -8.7890360e+03
  -8.5772520e+03
  -8.3654680e+03
  -8.1536840e+03
  -7.9419000e+03
  -7.7301160e+03
  -7.5183320e+03
  -7.3065480e+03
  -7.0947640e+03
  -6.8829800e+03
  -6.6711960e+03
  -6.4594120e+03
  -6.2476280e+03
  -6.0358440e+03
  -5.8240600e+03
  -5.6122760e+03
  -5.4004920e+03
  -5.1887080e+03
  -4.9769240e+03
  -4.7651400e+03
  -4.5533560e+03
  -4.3415720e+03
  -4.1297880e+03
  -3.9180040e+03
  -3.7062200e+03
  -3.4944360e+03
  -3.2826520e+03
  -3.0708680e+03
  -2.8590840e+03
  -2.6473000e+03
  -2.4355160e+03
  -2.2237320e+03
  -2.0119480e+03
  -1.8001640e+03
  -1.5883800e+03
  -1.3765960e+03
  -1.1648120e+03
  -9.5302800e+02
  -7.4124400e+02
  -5.2946000e+02
  -3.1767600e+02
  -1.0589200e+02
   1.0589200e+02
   3.1767600e+02
   5.2946000e+02
   7.4124400e+02
   9.5302800e+02
   1.1648120e+03
   1.3765960e+03
   1.5883800e+03
   1.8001640e+03
   2.0119480e+03
   2.2237320e+03
   2.4355160e+03
   2.6473000e+03
   2.8590840e+03
   3.0708680e+03
   3.2826520e+03
   3.4944360e+03
   3.7062200e+03
   3.9180040e+03
   4.1297880e+03
   4.3415720e+03
   4.5533560e+03
   4.7651400e+03
   4.9769240e+03
   5.1887080e+03
   5.4004920e+03
   5.6122760e+03
   5.8240600e+03
   6.0358440e+03
