  -1.0578611e+04
  -1.0557432e+04
  -1.0536254e+04
  -1.0515076e+04
  -1.0493897e+04
  -1.0472719e+04
  -1.0451540e+04
  -1.0430362e+04
  -1.0409184e+04
  -1.0388005e+04
  -1.0366827e+04
  -1.0345648e+04
  -1.0324470e+04
  -1.0303292e+04
  -1.0282113e+04
  -1.0260935e+04
  -1.0239756e+04
  -1.0218578e+04
  -1.0197400e+04
  -1.0176221e+04
  -1.0155043e+04
  -1.0133864e+04
  -1.0112686e+04
  -1.0091508e+04
  -1.0070329e+04
  -1.0049151e+04
  -1.0027972e+04
  -1.0006794e+04
  -9.9856156e+03
  -9.9644372e+03
  -9.9432588e+03
  -9.9220804e+03
  -9.9009020e+03
  -9.8797236e+03
  -9.8585452e+03
  -9.8373668e+03
  -9.8161884e+03
  -9.7950100e+03
  -9.7738316e+03
  -9.7526532e+03
  -9.7314748e+03
  -9.7102964e+03
  -9.6891180e+03
  -9.6679396e+03
  -9.6467612e+03
  -9.6255828e+03
  -9.6044044e+03
  -9.5832260e+03
  -9.5620476e+03
  -9.5408692e+03
  -9.5196908e+03
  -9.4985124e+03
  -9.4773340e+03
  -9.4561556e+03
  -9.4349772e+03
  -9.4137988e+03
  -9.3926204e+03
  -9.3714420e+03
  -9.3502636e+03
  -9.3290852e+03
  -9.3079068e+03
  -9.2867284e+03
  -9.2655500e+03
  -9.2443716e+03
  -9.2231932e+03
  -9.2020148e+03
  -9.1808364e+03
  -9.1596580e+03
  -9.1384796e+03
  -9.1173012e+03
  -9.0961228e+03
  -9.0749444e+03
  -9.0537660e+03
  -9.0325876e+03
  -9.0114092e+03
  -8.9902308e+03
  -8.9690524e+03
  -8.9478740e+03
  -8.9266956e+03
  -8.9055172e+03
  -8.8843388e+03
  -8.8631604e+03
  -8.8419820e+03
  -8.8208036e+03
  -8.7996252e+03
  -8.7784468e+03
  -8.7572684e+03
  -8.7360900e+03
  -8.7149116e+03
  -8.6937332e+03
  -8.6725548e+03
  -8.6513764e+03
  -8.6301980e+03
  -8.6090196e+03
  -8.5878412e+03
  -8.5666628e+03
  -8.5454844e+03
  -8.5243060e+03
  -8.5031276e+03
  -8.4819492e+03
  -8.4607708e+03
  -8.4395924e+03
  -8.4184140e+03
  -8.3972356e+03
  -8.3760572e+03
  -8.3548788e+03
  -8.3337004e+03
  -8.3125220e+03
  -8.2913436e+03
  -8.2701652e+03
  -8.2489868e+03
  -8.2278084e+03
  -8.2066300e+03
  -8.1854516e+03
  -8.1642732e+03
  -8.1430948e+03
  -8.1219164e+03
  -8.1007380e+03
  -8.0795596e+03
  -8.0583812e+03
  -8.0372028e+03
  -8.0160244e+03
  -7.9948460e+03
  -7.9736676e+03
  -7.9524892e+03
  -7.9313108e+03
  -7.9101324e+03
  -7.8889540e+03
  -7.8677756e+03
  -7.8465972e+03
  -7.8254188e+03
  -7.8042404e+03
  -7.7830620e+03
  -7.7618836e+03
  -7.7407052e+03
  -7.7195268e+03
  -7.6983484e+03
  -7.6771700e+03
  -7.6559916e+03
  -7.6348132e+03
  -7.6136348e+03
  -7.5924564e+03
  -7.5712780e+03
  -7.5500996e+03
  -7.5289212e+03
  -7.5077428e+03
  -7.4865644e+03
  -7.4653860e+03
  -7.4442076e+03
  -7.4230292e+03
  -7.4018508e+03
  -7.3806724e+03
  -7.3594940e+03
  -7.3383156e+03
  -7.3171372e+03
  -7.2959588e+03
  -7.2747804e+03
  -7.2536020e+03
  -7.2324236e+03
  -7.2112452e+03
  -7.1900668e+03
  -7.1688884e+03
  -7.1477100e+03
  -7.1265316e+03
  -7.1053532e+03
  -7.0841748e+03
  -7.0629964e+03
  -7.0418180e+03
  -7.0206396e+03
  -6.9994612e+03
  -6.9782828e+03
  -6.9571044e+03
  -6.9359260e+03
  -6.9147476e+03
  -6.8935692e+03
  -6.8723908e+03
  -6.8512124e+03
  -6.8300340e+03
  -6.8088556e+03
  -6.7876772e+03
  -6.7664988e+03
  -6.7453204e+03
  -6.7241420e+03
  -6.7029636e+03
  -6.6817852e+03
  -6.6606068e+03
  -6.6394284e+03
  -6.6182500e+03
  -6.5970716e+03
  -6.5758932e+03
  -6.5547148e+03
  -6.5335364e+03
  -6.5123580e+03
  -6.4911796e+03
  -6.4700012e+03
  -6.4488228e+03
  -6.4276444e+03
  -6.4064660e+03
  -6.3852876e+03
  -6.3641092e+03
  -6.3429308e+03
  -6.3217524e+03
  -6.3005740e+03
  -6.2793956e+03
  -6.2582172e+03
  -6.2370388e+03
  -6.2158604e+03
  -6.1946820e+03
  -6.1735036e+03
  -6.1523252e+03
  -6.1311468e+03
  -6.1099684e+03
  -6.0887900e+03
  -6.0676116e+03
  -6.0464332e+03
  -6.0252548e+03
  -6.0040764e+03
  -5.9828980e+03
  -5.9617196e+03
  -5.9405412e+03
  -5.9193628e+03
  -5.8981844e+03
  -5.8770060e+03
  -5.8558276e+03
  -5.8346492e+03
  -5.8134708e+03
  -5.7922924e+03
  -5.7711140e+03
  -5.7499356e+03
  -5.7287572e+03
  -5.7075788e+03
  -5.6864004e+03
  -5.6652220e+03
  -5.6440436e+03
  -5.6228652e+03
  -5.6016868e+03
  -5.5805084e+03
  -5.5593300e+03
  -5.5381516e+03
  -5.5169732e+03
  -5.4957948e+03
  -5.4746164e+03
  -5.4534380e+03
  -5.4322596e+03
  -5.4110812e+03
  -5.3899028e+03
  -5.3687244e+03
  -5.3475460e+03
  -5.3263676e+03
  -5.3051892e+03
  -5.2840108e+03
  -5.2628324e+03
  -5.2416540e+03
  -5.2204756e+03
  -5.1992972e+03
  -5.1781188e+03
  -5.1569404e+03
  -5.1357620e+03
  -5.1145836e+03
  -5.0934052e+03
  -5.0722268e+03
  -5.0510484e+03
  -5.0298700e+03
  -5.0086916e+03
  -4.9875132e+03
  -4.9663348e+03
  -4.9451564e+03
  -4.9239780e+03
  -4.9027996e+03
  -4.8816212e+03
  -4.8604428e+03
  -4.8392644e+03
  -4.8180860e+03
  -4.7969076e+03
  -4.7757292e+03
  -4.7545508e+03
  -4.7333724e+03
  -4.7121940e+03
  -4.6910156e+03
  -4.6698372e+03
  -4.6486588e+03
  -4.6274804e+03
  -4.6063020e+03
  -4.5851236e+03
  -4.5639452e+03
  -4.5427668e+03
  -4.5215884e+03
  -4.5004100e+03
  -4.4792316e+03
  -4.4580532e+03
  -4.4368748e+03
  -4.4156964e+03
  -4.3945180e+03
  -4.3733396e+03
  -4.3521612e+03
  -4.3309828e+03
  -4.3098044e+03
  -4.2886260e+03
  -4.2674476e+03
  -4.2462692e+03
  -4.2250908e+03
  -4.2039124e+03
  -4.1827340e+03
  -4.1615556e+03
  -4.1403772e+03
  -4.1191988e+03
  -4.0980204e+03
  -4.0768420e+03
  -4.0556636e+03
  -4.0344852e+03
  -4.0133068e+03
  -3.9921284e+03
  -3.9709500e+03
  -3.9497716e+03
  -3.9285932e+03
  -3.9074148e+03
  -3.8862364e+03
  -3.8650580e+03
  -3.8438796e+03
  -3.8227012e+03
  -3.8015228e+03
  -3.7803444e+03
  -3.7591660e+03
  -3.7379876e+03
  -3.7168092e+03
  -3.6956308e+03
  -3.6744524e+03
  -3.6532740e+03
  -3.6320956e+03
  -3.6109172e+03
  -3.5897388e+03
  -3.5685604e+03
  -3.5473820e+03
  -3.5262036e+03
  -3.5050252e+03
  -3.4838468e+03
  -3.4626684e+03
  -3.4414900e+03
  -3.4203116e+03
  -3.3991332e+03
  -3.3779548e+03
  -3.3567764e+03
  -3.3355980e+03
  -3.3144196e+03
  -3.2932412e+03
  -3.2720628e+03
  -3.2508844e+03
  -3.2297060e+03
  -3.2085276e+03
  -3.1873492e+03
  -3.1661708e+03
  -3.1449924e+03
  -3.1238140e+03
  -3.1026356e+03
  -3.0814572e+03
  -3.0602788e+03
  -3.0391004e+03
  -3.0179220e+03
  -2.9967436e+03
  -2.9755652e+03
  -2.9543868e+03
  -2.9332084e+03
  -2.9120300e+03
  -2.8908516e+03
  -2.8696732e+03
  -2.8484948e+03
  -2.8273164e+03
  -2.8061380e+03
  -2.7849596e+03
  -2.7637812e+03
  -2.7426028e+03
  -2.7214244e+03
  -2.7002460e+03
  -2.6790676e+03
  -2.6578892e+03
  -2.6367108e+03
  -2.6155324e+03
  -2.5943540e+03
  -2.5731756e+03
  -2.5519972e+03
  -2.5308188e+03
  -2.5096404e+03
  -2.4884620e+03
  -2.4672836e+03
  -2.4461052e+03
  -2.4249268e+03
  -2.4037484e+03
  -2.3825700e+03
  -2.3613916e+03
  -2.3402132e+03
  -2.3190348e+03
  -2.2978564e+03
  -2.2766780e+03
  -2.2554996e+03
  -2.2343212e+03
  -2.2131428e+03
  -2.1919644e+03
  -2.1707860e+03
  -2.1496076e+03
  -2.1284292e+03
  -2.1072508e+03
  -2.0860724e+03
  -2.0648940e+03
  -2.0437156e+03
  -2.0225372e+03
  -2.0013588e+03
  -1.9801804e+03
  -1.9590020e+03
  -1.9378236e+03
  -1.9166452e+03
  -1.8954668e+03
  -1.8742884e+03
  -1.8531100e+03
  -1.8319316e+03
  -1.8107532e+03
  -1.7895748e+03
  -1.7683964e+03
  -1.7472180e+03
  -1.7260396e+03
  -1.7048612e+03
  -1.6836828e+03
  -1.6625044e+03
  -1.6413260e+03
  -1.6201476e+03
  -1.5989692e+03
  -1.5777908e+03
  -1.5566124e+03
  -1.5354340e+03
  -1.5142556e+03
  -1.4930772e+03
  -1.4718988e+03
  -1.4507204e+03
  -1.4295420e+03
  -1.4083636e+03
  -1.3871852e+03
  -1.3660068e+03
  -1.3448284e+03
  -1.3236500e+03
  -1.3024716e+03
  -1.2812932e+03
  -1.2601148e+03
  -1.2389364e+03
  -1.2177580e+03
  -1.1965796e+03
  -1.1754012e+03
  -1.1542228e+03
  -1.1330444e+03
  -1.1118660e+03
  -1.0906876e+03
  -1.0695092e+03
  -1.0483308e+03
  -1.0271524e+03
  -1.0059740e+03
  -9.8479560e+02
  -9.6361720e+02
  -9.4243880e+02
  -9.2126040e+02
  -9.0008200e+02
  -8.7890360e+02
  -8.5772520e+02
  -8.3654680e+02
  -8.1536840e+02
  -7.9419000e+02
  -7.7301160e+02
  -7.5183320e+02
  -7.3065480e+02
  -7.0947640e+02
  -6.8829800e+02
  -6.6711960e+02
  -6.4594120e+02
  -6.2476280e+02
  -6.0358440e+02
  -5.8240600e+02
  -5.6122760e+02
  -5.4004920e+02
  -5.1887080e+02
  -4.9769240e+02
  -4.7651400e+02
  -4.5533560e+02
  -4.3415720e+02
  -4.1297880e+02
  -3.9180040e+02
  -3.7062200e+02
  -3.4944360e+02
  -3.2826520e+02
  -3.0708680e+02
  -2.8590840e+02
  -2.6473000e+02
  -2.4355160e+02
  -2.2237320e+02
  -2.0119480e+02
  -1.8001640e+02
  -1.5883800e+02
  -1.3765960e+02
  -1.1648120e+02
  -9.5302800e+01
  -7.4124400e+01
  -5.2946000e+01
  -3.1767600e+01
  -1.0589200e+01
   1.0589200e+01
   3.1767600e+01
   5.2946000e+01
   7.4124400e+01
   9.5302800e+01
   1.1648120e+02
   1.3765960e+02
   1.5883800e+02
   1.8001640e+02
   2.0119480e+02
   2.2237320e+02
   2.4355160e+02
   2.6473000e+02
   2.8590840e+02
   3.0708680e+02
   3.2826520e+02
   3.4944360e+02
   3.7062200e+02
   3.9180040e+02
   4.1297880e+02
   4.3415720e+02
   4.5533560e+02
   4.7651400e+02
   4.9769240e+02
   5.1887080e+02
   5.4004920e+02
   5.6122760e+02
   5.8240600e+02
   6.0358440e+02
   6.2476280e+02
   6.4594120e+02
   6.6711960e+02
   6.8829800e+02
   7.0947640e+02
   7.3065480e+02
   7.5183320e+02
   7.7301160e+02
   7.9419000e+02
   8.1536840e+02
   8.3654680e+02
   8.5772520e+02
   8.7890360e+02
   9.0008200e+02
   9.2126040e+02
   9.4243880e+02
   9.6361720e+02
   9.8479560e+02
   1.0059740e+03
   1.0271524e+03
   1.0483308e+03
   1.0695092e+03
   1.0906876e+03
   1.1118660e+03
   1.1330444e+03
   1.1542228e+03
   1.1754012e+03
   1.1965796e+03
   1.2177580e+03
   1.2389364e+03
   1.2601148e+03
   1.2812932e+03
   1.3024716e+03
   1.3236500e+03
   1.3448284e+03
   1.3660068e+03
   1.3871852e+03
   1.4083636e+03
   1.4295420e+03
   1.4507204e+03
   1.4718988e+03
   1.4930772e+03
   1.5142556e+03
   1.5354340e+03
   1.5566124e+03
   1.5777908e+03
   1.5989692e+03
   1.6201476e+03
   1.6413260e+03
   1.6625044e+03
   1.6836828e+03
   1.7048612e+03
   1.7260396e+03
   1.7472180e+03
   1.7683964e+03
   1.7895748e+03
   1.8107532e+03
   1.8319316e+03
   1.8531100e+03
   1.8742884e+03
   1.8954668e+03
   1.9166452e+03
   1.9378236e+03
   1.9590020e+03
   1.9801804e+03
   2.0013588e+03
   2.0225372e+03
   2.0437156e+03
   2.0648940e+03
   2.0860724e+03
   2.1072508e+03
   2.1284292e+03
   2.1496076e+03
   2.1707860e+03
   2.1919644e+03
   2.2131428e+03
   2.2343212e+03
   2.2554996e+03
   2.2766780e+03
   2.2978564e+03
   2.3190348e+03
   2.3402132e+03
   2.3613916e+03
   2.3825700e+03
   2.4037484e+03
   2.4249268e+03
   2.4461052e+03
   2.4672836e+03
   2.4884620e+03
   2.5096404e+03
   2.5308188e+03
   2.5519972e+03
   2.5731756e+03
   2.5943540e+03
   2.6155324e+03
   2.6367108e+03
   2.6578892e+03
   2.6790676e+03
   2.7002460e+03
   2.7214244e+03
   2.7426028e+03
   2.7637812e+03
   2.7849596e+03
   2.8061380e+03
   2.8273164e+03
   2.8484948e+03
   2.8696732e+03
   2.8908516e+03
   2.9120300e+03
   2.9332084e+03
   2.9543868e+03
   2.9755652e+03
   2.9967436e+03
   3.0179220e+03
   3.0391004e+03
   3.0602788e+03
   3.0814572e+03
   3.1026356e+03
   3.1238140e+03
   3.1449924e+03
   3.1661708e+03
   3.1873492e+03
   3.2085276e+03
   3.2297060e+03
   3.2508844e+03
   3.2720628e+03
   3.2932412e+03
   3.3144196e+03
   3.3355980e+03
   3.3567764e+03
   3.3779548e+03
   3.3991332e+03
   3.4203116e+03
   3.4414900e+03
   3.4626684e+03
   3.4838468e+03
   3.5050252e+03
   3.5262036e+03
   3.5473820e+03
   3.5685604e+03
   3.5897388e+03
   3.6109172e+03
   3.6320956e+03
   3.6532740e+03
   3.6744524e+03
   3.6956308e+03
   3.7168092e+03
   3.7379876e+03
   3.7591660e+03
   3.7803444e+03
   3.8015228e+03
   3.8227012e+03
   3.8438796e+03
   3.8650580e+03
   3.8862364e+03
   3.9074148e+03
   3.9285932e+03
   3.9497716e+03
   3.9709500e+03
   3.9921284e+03
   4.0133068e+03
   4.0344852e+03
   4.0556636e+03
   4.0768420e+03
   4.0980204e+03
   4.1191988e+03
   4.1403772e+03
   4.1615556e+03
   4.1827340e+03
   4.2039124e+03
   4.2250908e+03
   4.2462692e+03
   4.2674476e+03
   4.2886260e+03
   4.3098044e+03
   4.3309828e+03
   4.3521612e+03
   4.3733396e+03
   4.3945180e+03
   4.4156964e+03
   4.4368748e+03
   4.4580532e+03
   4.4792316e+03
   4.5004100e+03
   4.5215884e+03
   4.5427668e+03
   4.5639452e+03
   4.5851236e+03
   4.6063020e+03
   4.6274804e+03
   4.6486588e+03
   4.6698372e+03
   4.6910156e+03
   4.7121940e+03
   4.7333724e+03
   4.7545508e+03
   4.7757292e+03
   4.7969076e+03
   4.8180860e+03
   4.8392644e+03
   4.8604428e+03
   4.8816212e+03
   4.9027996e+03
   4.9239780e+03
   4.9451564e+03
   4.9663348e+03
   4.9875132e+03
   5.0086916e+03
   5.0298700e+03
   5.0510484e+03
   5.0722268e+03
   5.0934052e+03
   5.1145836e+03
   5.1357620e+03
   5.1569404e+03
   5.1781188e+03
   5.1992972e+03
   5.2204756e+03
   5.2416540e+03
   5.2628324e+03
   5.2840108e+03
   5.3051892e+03
   5.3263676e+03
   5.3475460e+03
   5.3687244e+03
   5.3899028e+03
   5.4110812e+03
   5.4322596e+03
   5.4534380e+03
   5.4746164e+03
   5.4957948e+03
   5.5169732e+03
   5.5381516e+03
   5.5593300e+03
   5.5805084e+03
   5.6016868e+03
   5.6228652e+03
   5.6440436e+03
   5.6652220e+03
   5.6864004e+03
   5.7075788e+03
   5.7287572e+03
   5.7499356e+03
   5.7711140e+03
   5.7922924e+03
   5.8134708e+03
   5.8346492e+03
   5.8558276e+03
   5.8770060e+03
   5.8981844e+03
   5.9193628e+03
   5.9405412e+03
   5.9617196e+03
   5.9828980e+03
   6.0040764e+03
   6.0252548e+03
   6.0464332e+03
   6.0676116e+03
   6.0887900e+03
   6.1099684e+03
   6.1311468e+03
   6.1523252e+03
   6.1735036e+03
   6.1946820e+03
   6.2158604e+03
   6.2370388e+03
   6.2582172e+03
   6.2793956e+03
   6.3005740e+03
   6.3217524e+03
   6.3429308e+03
   6.3641092e+03
   6.3852876e+03
   6.4064660e+03
   6.4276444e+03
   6.4488228e+03
   6.4700012e+03
   6.4911796e+03
   6.5123580e+03
   6.5335364e+03
   6.5547148e+03
   6.5758932e+03
   6.5970716e+03
   6.6182500e+03
   6.6394284e+03
   6.6606068e+03
   6.6817852e+03
   6.7029636e+03
   6.7241420e+03
   6.7453204e+03
   6.7664988e+03
   6.7876772e+03
   6.8088556e+03
   6.8300340e+03
   6.8512124e+03
   6.8723908e+03
   6.8935692e+03
   6.9147476e+03
   6.9359260e+03
   6.9571044e+03
   6.9782828e+03
   6.9994612e+03
   7.0206396e+03
   7.0418180e+03
   7.0629964e+03
   7.0841748e+03
   7.1053532e+03
   7.1265316e+03
   7.1477100e+03
   7.1688884e+03
   7.1900668e+03
   7.2112452e+03
   7.2324236e+03
   7.2536020e+03
   7.2747804e+03
   7.2959588e+03
   7.3171372e+03
   7.3383156e+03
   7.3594940e+03
   7.3806724e+03
   7.4018508e+03
   7.4230292e+03
   7.4442076e+03
   7.4653860e+03
   7.4865644e+03
   7.5077428e+03
   7.5289212e+03
   7.5500996e+03
   7.5712780e+03
   7.5924564e+03
   7.6136348e+03
   7.6348132e+03
   7.6559916e+03
   7.6771700e+03
   7.6983484e+03
   7.7195268e+03
   7.7407052e+03
   7.7618836e+03
   7.7830620e+03
   7.8042404e+03
   7.8254188e+03
   7.8465972e+03
   7.8677756e+03
   7.8889540e+03
   7.9101324e+03
   7.9313108e+03
   7.9524892e+03
   7.9736676e+03
   7.9948460e+03
   8.0160244e+03
   8.0372028e+03
   8.0583812e+03
   8.0795596e+03
   8.1007380e+03
   8.1219164e+03
   8.1430948e+03
   8.1642732e+03
   8.1854516e+03
   8.2066300e+03
   8.2278084e+03
   8.2489868e+03
   8.2701652e+03
   8.2913436e+03
   8.3125220e+03
   8.3337004e+03
   8.3548788e+03
   8.3760572e+03
   8.3972356e+03
   8.4184140e+03
   8.4395924e+03
   8.4607708e+03
   8.4819492e+03
   8.5031276e+03
   8.5243060e+03
   8.5454844e+03
   8.5666628e+03
   8.5878412e+03
   8.6090196e+03
   8.6301980e+03
   8.6513764e+03
   8.6725548e+03
   8.6937332e+03
   8.7149116e+03
   8.7360900e+03
   8.7572684e+03
   8.7784468e+03
   8.7996252e+03
   8.8208036e+03
   8.8419820e+03
   8.8631604e+03
   8.8843388e+03
   8.9055172e+03
   8.9266956e+03
   8.9478740e+03
   8.9690524e+03
   8.9902308e+03
   9.0114092e+03
   9.0325876e+03
   9.0537660e+03
   9.0749444e+03
   9.0961228e+03
   9.1173012e+03
   9.1384796e+03
   9.1596580e+03
   9.1808364e+03
   9.2020148e+03
   9.2231932e+03
   9.2443716e+03
   9.2655500e+03
   9.2867284e+03
   9.3079068e+03
   9.3290852e+03
   9.3502636e+03
   9.3714420e+03
   9.3926204e+03
   9.4137988e+03
   9.4349772e+03
   9.4561556e+03
   9.4773340e+03
   9.4985124e+03
   9.5196908e+03
   9.5408692e+03
   9.5620476e+03
   9.5832260e+03
   9.6044044e+03
   9.6255828e+03
   9.6467612e+03
   9.6679396e+03
   9.6891180e+03
   9.7102964e+03
   9.7314748e+03
   9.7526532e+03
   9.7738316e+03
   9.7950100e+03
   9.8161884e+03
   9.8373668e+03
   9.8585452e+03
   9.8797236e+03
   9.9009020e+03
   9.9220804e+03
   9.9432588e+03
   9.9644372e+03
   9.9856156e+03
   1.0006794e+04
   1.0027972e+04
   1.0049151e+04
   1.0070329e+04
   1.0091508e+04
   1.0112686e+04
   1.0133864e+04
   1.0155043e+04
   1.0176221e+04
   1.0197400e+04
   1.0218578e+04
   1.0239756e+04
   1.0260935e+04
   1.0282113e+04
   1.0303292e+04
   1.0324470e+04
   1.0345648e+04
   1.0366827e+04
   1.0388005e+04
   1.0409184e+04
   1.0430362e+04
   1.0451540e+04
   1.0472719e+04
   1.0493897e+04
   1.0515076e+04
   1.0536254e+04
   1.0557432e+04
   1.0578611e+04
