  -1.0577411e+04
  -1.0556232e+04
  -1.0535054e+04
  -1.0513876e+04
  -1.0492697e+04
  -1.0471519e+04
  -1.0450340e+04
  -1.0429162e+04
  -1.0407984e+04
  -1.0386805e+04
  -1.0365627e+04
  -1.0344448e+04
  -1.0323270e+04
  -1.0302092e+04
  -1.0280913e+04
  -1.0259735e+04
  -1.0238556e+04
  -1.0217378e+04
  -1.0196200e+04
  -1.0175021e+04
  -1.0153843e+04
  -1.0132664e+04
  -1.0111486e+04
  -1.0090308e+04
  -1.0069129e+04
  -1.0047951e+04
  -1.0026772e+04
  -1.0005594e+04
  -9.9844156e+03
  -9.9632372e+03
  -9.9420588e+03
  -9.9208804e+03
  -9.8997020e+03
  -9.8785236e+03
  -9.8573452e+03
  -9.8361668e+03
  -9.8149884e+03
  -9.7938100e+03
  -9.7726316e+03
  -9.7514532e+03
  -9.7302748e+03
  -9.7090964e+03
  -9.6879180e+03
  -9.6667396e+03
  -9.6455612e+03
  -9.6243828e+03
  -9.6032044e+03
  -9.5820260e+03
  -9.5608476e+03
  -9.5396692e+03
  -9.5184908e+03
  -9.4973124e+03
  -9.4761340e+03
  -9.4549556e+03
  -9.4337772e+03
  -9.4125988e+03
  -9.3914204e+03
  -9.3702420e+03
  -9.3490636e+03
  -9.3278852e+03
  -9.3067068e+03
  -9.2855284e+03
  -9.2643500e+03
  -9.2431716e+03
  -9.2219932e+03
  -9.2008148e+03
  -9.1796364e+03
  -9.1584580e+03
  -9.1372796e+03
  -9.1161012e+03
  -9.0949228e+03
  -9.0737444e+03
  -9.0525660e+03
  -9.0313876e+03
  -9.0102092e+03
  -8.9890308e+03
  -8.9678524e+03
  -8.9466740e+03
  -8.9254956e+03
  -8.9043172e+03
  -8.8831388e+03
  -8.8619604e+03
  -8.8407820e+03
  -8.8196036e+03
  -8.7984252e+03
  -8.7772468e+03
  -8.7560684e+03
  -8.7348900e+03
  -8.7137116e+03
  -8.6925332e+03
  -8.6713548e+03
  -8.6501764e+03
  -8.6289980e+03
  -8.6078196e+03
  -8.5866412e+03
  -8.5654628e+03
  -8.5442844e+03
  -8.5231060e+03
  -8.5019276e+03
  -8.4807492e+03
  -8.4595708e+03
  -8.4383924e+03
  -8.4172140e+03
  -8.3960356e+03
  -8.3748572e+03
  -8.3536788e+03
  -8.3325004e+03
  -8.3113220e+03
  -8.2901436e+03
  -8.2689652e+03
  -8.2477868e+03
  -8.2266084e+03
  -8.2054300e+03
  -8.1842516e+03
  -8.1630732e+03
  -8.1418948e+03
  -8.1207164e+03
  -8.0995380e+03
  -8.0783596e+03
  -8.0571812e+03
  -8.0360028e+03
  -8.0148244e+03
  -7.9936460e+03
  -7.9724676e+03
  -7.9512892e+03
  -7.9301108e+03
  -7.9089324e+03
  -7.8877540e+03
  -7.8665756e+03
  -7.8453972e+03
  -7.8242188e+03
  -7.8030404e+03
  -7.7818620e+03
  -7.7606836e+03
  -7.7395052e+03
  -7.7183268e+03
  -7.6971484e+03
  -7.6759700e+03
  -7.6547916e+03
  -7.6336132e+03
  -7.6124348e+03
  -7.5912564e+03
  -7.5700780e+03
  -7.5488996e+03
  -7.5277212e+03
  -7.5065428e+03
  -7.4853644e+03
  -7.4641860e+03
  -7.4430076e+03
  -7.4218292e+03
  -7.4006508e+03
  -7.3794724e+03
  -7.3582940e+03
  -7.3371156e+03
  -7.3159372e+03
  -7.2947588e+03
  -7.2735804e+03
  -7.2524020e+03
  -7.2312236e+03
  -7.2100452e+03
  -7.1888668e+03
  -7.1676884e+03
  -7.1465100e+03
  -7.1253316e+03
  -7.1041532e+03
  -7.0829748e+03
  -7.0617964e+03
  -7.0406180e+03
  -7.0194396e+03
  -6.9982612e+03
  -6.9770828e+03
  -6.9559044e+03
  -6.9347260e+03
  -6.9135476e+03
  -6.8923692e+03
  -6.8711908e+03
  -6.8500124e+03
  -6.8288340e+03
  -6.8076556e+03
  -6.7864772e+03
  -6.7652988e+03
  -6.7441204e+03
  -6.7229420e+03
  -6.7017636e+03
  -6.6805852e+03
  -6.6594068e+03
  -6.6382284e+03
  -6.6170500e+03
  -6.5958716e+03
  -6.5746932e+03
  -6.5535148e+03
  -6.5323364e+03
  -6.5111580e+03
  -6.4899796e+03
  -6.4688012e+03
  -6.4476228e+03
  -6.4264444e+03
  -6.4052660e+03
  -6.3840876e+03
  -6.3629092e+03
  -6.3417308e+03
  -6.3205524e+03
  -6.2993740e+03
  -6.2781956e+03
  -6.2570172e+03
  -6.2358388e+03
  -6.2146604e+03
  -6.1934820e+03
  -6.1723036e+03
  -6.1511252e+03
  -6.1299468e+03
  -6.1087684e+03
  -6.0875900e+03
  -6.0664116e+03
  -6.0452332e+03
  -6.0240548e+03
  -6.0028764e+03
  -5.9816980e+03
  -5.9605196e+03
  -5.9393412e+03
  -5.9181628e+03
  -5.8969844e+03
  -5.8758060e+03
  -5.8546276e+03
  -5.8334492e+03
  -5.8122708e+03
  -5.7910924e+03
  -5.7699140e+03
  -5.7487356e+03
  -5.7275572e+03
  -5.7063788e+03
  -5.6852004e+03
  -5.6640220e+03
  -5.6428436e+03
  -5.6216652e+03
  -5.6004868e+03
  -5.5793084e+03
  -5.5581300e+03
  -5.5369516e+03
  -5.5157732e+03
  -5.4945948e+03
  -5.4734164e+03
  -5.4522380e+03
  -5.4310596e+03
  -5.4098812e+03
  -5.3887028e+03
  -5.3675244e+03
  -5.3463460e+03
  -5.3251676e+03
  -5.3039892e+03
  -5.2828108e+03
  -5.2616324e+03
  -5.2404540e+03
  -5.2192756e+03
  -5.1980972e+03
  -5.1769188e+03
  -5.1557404e+03
  -5.1345620e+03
  -5.1133836e+03
  -5.0922052e+03
  -5.0710268e+03
  -5.0498484e+03
  -5.0286700e+03
  -5.0074916e+03
  -4.9863132e+03
  -4.9651348e+03
  -4.9439564e+03
  -4.9227780e+03
  -4.9015996e+03
  -4.8804212e+03
  -4.8592428e+03
  -4.8380644e+03
  -4.8168860e+03
  -4.7957076e+03
  -4.7745292e+03
  -4.7533508e+03
  -4.7321724e+03
  -4.7109940e+03
  -4.6898156e+03
  -4.6686372e+03
  -4.6474588e+03
  -4.6262804e+03
  -4.6051020e+03
  -4.5839236e+03
  -4.5627452e+03
  -4.5415668e+03
  -4.5203884e+03
  -4.4992100e+03
  -4.4780316e+03
  -4.4568532e+03
  -4.4356748e+03
  -4.4144964e+03
  -4.3933180e+03
  -4.3721396e+03
  -4.3509612e+03
  -4.3297828e+03
  -4.3086044e+03
  -4.2874260e+03
  -4.2662476e+03
  -4.2450692e+03
  -4.2238908e+03
  -4.2027124e+03
  -4.1815340e+03
  -4.1603556e+03
  -4.1391772e+03
  -4.1179988e+03
  -4.0968204e+03
  -4.0756420e+03
  -4.0544636e+03
  -4.0332852e+03
  -4.0121068e+03
  -3.9909284e+03
  -3.9697500e+03
  -3.9485716e+03
  -3.9273932e+03
  -3.9062148e+03
  -3.8850364e+03
  -3.8638580e+03
  -3.8426796e+03
  -3.8215012e+03
  -3.8003228e+03
  -3.7791444e+03
  -3.7579660e+03
  -3.7367876e+03
  -3.7156092e+03
  -3.6944308e+03
  -3.6732524e+03
  -3.6520740e+03
  -3.6308956e+03
  -3.6097172e+03
  -3.5885388e+03
  -3.5673604e+03
  -3.5461820e+03
  -3.5250036e+03
  -3.5038252e+03
  -3.4826468e+03
  -3.4614684e+03
  -3.4402900e+03
  -3.4191116e+03
  -3.3979332e+03
  -3.3767548e+03
  -3.3555764e+03
  -3.3343980e+03
  -3.3132196e+03
  -3.2920412e+03
  -3.2708628e+03
  -3.2496844e+03
  -3.2285060e+03
  -3.2073276e+03
  -3.1861492e+03
  -3.1649708e+03
  -3.1437924e+03
  -3.1226140e+03
  -3.1014356e+03
  -3.0802572e+03
  -3.0590788e+03
  -3.0379004e+03
  -3.0167220e+03
  -2.9955436e+03
  -2.9743652e+03
  -2.9531868e+03
  -2.9320084e+03
  -2.9108300e+03
  -2.8896516e+03
  -2.8684732e+03
  -2.8472948e+03
  -2.8261164e+03
  -2.8049380e+03
  -2.7837596e+03
  -2.7625812e+03
  -2.7414028e+03
  -2.7202244e+03
  -2.6990460e+03
  -2.6778676e+03
  -2.6566892e+03
  -2.6355108e+03
  -2.6143324e+03
  -2.5931540e+03
  -2.5719756e+03
  -2.5507972e+03
  -2.5296188e+03
  -2.5084404e+03
  -2.4872620e+03
  -2.4660836e+03
  -2.4449052e+03
  -2.4237268e+03
  -2.4025484e+03
  -2.3813700e+03
  -2.3601916e+03
  -2.3390132e+03
  -2.3178348e+03
  -2.2966564e+03
  -2.2754780e+03
  -2.2542996e+03
  -2.2331212e+03
  -2.2119428e+03
  -2.1907644e+03
  -2.1695860e+03
  -2.1484076e+03
  -2.1272292e+03
  -2.1060508e+03
  -2.0848724e+03
  -2.0636940e+03
  -2.0425156e+03
  -2.0213372e+03
  -2.0001588e+03
  -1.9789804e+03
  -1.9578020e+03
  -1.9366236e+03
  -1.9154452e+03
  -1.8942668e+03
  -1.8730884e+03
  -1.8519100e+03
  -1.8307316e+03
  -1.8095532e+03
  -1.7883748e+03
  -1.7671964e+03
  -1.7460180e+03
  -1.7248396e+03
  -1.7036612e+03
  -1.6824828e+03
  -1.6613044e+03
  -1.6401260e+03
  -1.6189476e+03
  -1.5977692e+03
  -1.5765908e+03
  -1.5554124e+03
  -1.5342340e+03
  -1.5130556e+03
  -1.4918772e+03
  -1.4706988e+03
  -1.4495204e+03
  -1.4283420e+03
  -1.4071636e+03
  -1.3859852e+03
  -1.3648068e+03
  -1.3436284e+03
  -1.3224500e+03
  -1.3012716e+03
  -1.2800932e+03
  -1.2589148e+03
  -1.2377364e+03
  -1.2165580e+03
  -1.1953796e+03
  -1.1742012e+03
  -1.1530228e+03
  -1.1318444e+03
  -1.1106660e+03
  -1.0894876e+03
  -1.0683092e+03
  -1.0471308e+03
  -1.0259524e+03
  -1.0047740e+03
  -9.8359560e+02
  -9.6241720e+02
  -9.4123880e+02
  -9.2006040e+02
  -8.9888200e+02
  -8.7770360e+02
  -8.5652520e+02
  -8.3534680e+02
  -8.1416840e+02
  -7.9299000e+02
  -7.7181160e+02
  -7.5063320e+02
  -7.2945480e+02
  -7.0827640e+02
  -6.8709800e+02
  -6.6591960e+02
  -6.4474120e+02
  -6.2356280e+02
  -6.0238440e+02
  -5.8120600e+02
  -5.6002760e+02
  -5.3884920e+02
  -5.1767080e+02
  -4.9649240e+02
  -4.7531400e+02
  -4.5413560e+02
  -4.3295720e+02
  -4.1177880e+02
  -3.9060040e+02
  -3.6942200e+02
  -3.4824360e+02
  -3.2706520e+02
  -3.0588680e+02
  -2.8470840e+02
  -2.6353000e+02
  -2.4235160e+02
  -2.2117320e+02
  -1.9999480e+02
  -1.7881640e+02
  -1.5763800e+02
  -1.3645960e+02
  -1.1528120e+02
  -9.4102800e+01
  -7.2924400e+01
  -5.1746000e+01
  -3.0567600e+01
  -9.3892000e+00
   1.1789200e+01
   3.2967600e+01
   5.4146000e+01
   7.5324400e+01
   9.6502800e+01
   1.1768120e+02
   1.3885960e+02
   1.6003800e+02
   1.8121640e+02
   2.0239480e+02
   2.2357320e+02
   2.4475160e+02
   2.6593000e+02
   2.8710840e+02
   3.0828680e+02
   3.2946520e+02
   3.5064360e+02
   3.7182200e+02
   3.9300040e+02
   4.1417880e+02
   4.3535720e+02
   4.5653560e+02
   4.7771400e+02
   4.9889240e+02
   5.2007080e+02
   5.4124920e+02
   5.6242760e+02
   5.8360600e+02
   6.0478440e+02
   6.2596280e+02
   6.4714120e+02
   6.6831960e+02
   6.8949800e+02
   7.1067640e+02
   7.3185480e+02
   7.5303320e+02
   7.7421160e+02
   7.9539000e+02
   8.1656840e+02
   8.3774680e+02
   8.5892520e+02
   8.8010360e+02
   9.0128200e+02
   9.2246040e+02
   9.4363880e+02
   9.6481720e+02
   9.8599560e+02
   1.0071740e+03
   1.0283524e+03
   1.0495308e+03
   1.0707092e+03
   1.0918876e+03
   1.1130660e+03
   1.1342444e+03
   1.1554228e+03
   1.1766012e+03
   1.1977796e+03
   1.2189580e+03
   1.2401364e+03
   1.2613148e+03
   1.2824932e+03
   1.3036716e+03
   1.3248500e+03
   1.3460284e+03
   1.3672068e+03
   1.3883852e+03
   1.4095636e+03
   1.4307420e+03
   1.4519204e+03
   1.4730988e+03
   1.4942772e+03
   1.5154556e+03
   1.5366340e+03
   1.5578124e+03
   1.5789908e+03
   1.6001692e+03
   1.6213476e+03
   1.6425260e+03
   1.6637044e+03
   1.6848828e+03
   1.7060612e+03
   1.7272396e+03
   1.7484180e+03
   1.7695964e+03
   1.7907748e+03
   1.8119532e+03
   1.8331316e+03
   1.8543100e+03
   1.8754884e+03
   1.8966668e+03
   1.9178452e+03
   1.9390236e+03
   1.9602020e+03
   1.9813804e+03
   2.0025588e+03
   2.0237372e+03
   2.0449156e+03
   2.0660940e+03
   2.0872724e+03
   2.1084508e+03
   2.1296292e+03
   2.1508076e+03
   2.1719860e+03
   2.1931644e+03
   2.2143428e+03
   2.2355212e+03
   2.2566996e+03
   2.2778780e+03
   2.2990564e+03
   2.3202348e+03
   2.3414132e+03
   2.3625916e+03
   2.3837700e+03
   2.4049484e+03
   2.4261268e+03
   2.4473052e+03
   2.4684836e+03
   2.4896620e+03
   2.5108404e+03
   2.5320188e+03
   2.5531972e+03
   2.5743756e+03
   2.5955540e+03
   2.6167324e+03
   2.6379108e+03
   2.6590892e+03
   2.6802676e+03
   2.7014460e+03
   2.7226244e+03
   2.7438028e+03
   2.7649812e+03
   2.7861596e+03
   2.8073380e+03
   2.8285164e+03
   2.8496948e+03
   2.8708732e+03
   2.8920516e+03
   2.9132300e+03
   2.9344084e+03
   2.9555868e+03
   2.9767652e+03
   2.9979436e+03
   3.0191220e+03
   3.0403004e+03
   3.0614788e+03
   3.0826572e+03
   3.1038356e+03
   3.1250140e+03
   3.1461924e+03
   3.1673708e+03
   3.1885492e+03
   3.2097276e+03
   3.2309060e+03
   3.2520844e+03
   3.2732628e+03
   3.2944412e+03
   3.3156196e+03
   3.3367980e+03
   3.3579764e+03
   3.3791548e+03
   3.4003332e+03
   3.4215116e+03
   3.4426900e+03
   3.4638684e+03
   3.4850468e+03
   3.5062252e+03
   3.5274036e+03
   3.5485820e+03
   3.5697604e+03
   3.5909388e+03
   3.6121172e+03
   3.6332956e+03
   3.6544740e+03
   3.6756524e+03
   3.6968308e+03
   3.7180092e+03
   3.7391876e+03
   3.7603660e+03
   3.7815444e+03
   3.8027228e+03
   3.8239012e+03
   3.8450796e+03
   3.8662580e+03
   3.8874364e+03
   3.9086148e+03
   3.9297932e+03
   3.9509716e+03
   3.9721500e+03
   3.9933284e+03
   4.0145068e+03
   4.0356852e+03
   4.0568636e+03
   4.0780420e+03
   4.0992204e+03
   4.1203988e+03
   4.1415772e+03
   4.1627556e+03
   4.1839340e+03
   4.2051124e+03
   4.2262908e+03
   4.2474692e+03
   4.2686476e+03
   4.2898260e+03
   4.3110044e+03
   4.3321828e+03
   4.3533612e+03
   4.3745396e+03
   4.3957180e+03
   4.4168964e+03
   4.4380748e+03
   4.4592532e+03
   4.4804316e+03
   4.5016100e+03
   4.5227884e+03
   4.5439668e+03
   4.5651452e+03
   4.5863236e+03
   4.6075020e+03
   4.6286804e+03
   4.6498588e+03
   4.6710372e+03
   4.6922156e+03
   4.7133940e+03
   4.7345724e+03
   4.7557508e+03
   4.7769292e+03
   4.7981076e+03
   4.8192860e+03
   4.8404644e+03
   4.8616428e+03
   4.8828212e+03
   4.9039996e+03
   4.9251780e+03
   4.9463564e+03
   4.9675348e+03
   4.9887132e+03
   5.0098916e+03
   5.0310700e+03
   5.0522484e+03
   5.0734268e+03
   5.0946052e+03
   5.1157836e+03
   5.1369620e+03
   5.1581404e+03
   5.1793188e+03
   5.2004972e+03
   5.2216756e+03
   5.2428540e+03
   5.2640324e+03
   5.2852108e+03
   5.3063892e+03
   5.3275676e+03
   5.3487460e+03
   5.3699244e+03
   5.3911028e+03
   5.4122812e+03
   5.4334596e+03
   5.4546380e+03
   5.4758164e+03
   5.4969948e+03
   5.5181732e+03
   5.5393516e+03
   5.5605300e+03
   5.5817084e+03
   5.6028868e+03
   5.6240652e+03
   5.6452436e+03
   5.6664220e+03
   5.6876004e+03
   5.7087788e+03
   5.7299572e+03
   5.7511356e+03
   5.7723140e+03
   5.7934924e+03
   5.8146708e+03
   5.8358492e+03
   5.8570276e+03
   5.8782060e+03
   5.8993844e+03
   5.9205628e+03
   5.9417412e+03
   5.9629196e+03
   5.9840980e+03
   6.0052764e+03
   6.0264548e+03
   6.0476332e+03
   6.0688116e+03
   6.0899900e+03
   6.1111684e+03
   6.1323468e+03
   6.1535252e+03
   6.1747036e+03
   6.1958820e+03
   6.2170604e+03
   6.2382388e+03
   6.2594172e+03
   6.2805956e+03
   6.3017740e+03
   6.3229524e+03
   6.3441308e+03
   6.3653092e+03
   6.3864876e+03
   6.4076660e+03
   6.4288444e+03
   6.4500228e+03
   6.4712012e+03
   6.4923796e+03
   6.5135580e+03
   6.5347364e+03
   6.5559148e+03
   6.5770932e+03
   6.5982716e+03
   6.6194500e+03
   6.6406284e+03
   6.6618068e+03
   6.6829852e+03
   6.7041636e+03
   6.7253420e+03
   6.7465204e+03
   6.7676988e+03
   6.7888772e+03
   6.8100556e+03
   6.8312340e+03
   6.8524124e+03
   6.8735908e+03
   6.8947692e+03
   6.9159476e+03
   6.9371260e+03
   6.9583044e+03
   6.9794828e+03
   7.0006612e+03
   7.0218396e+03
   7.0430180e+03
   7.0641964e+03
   7.0853748e+03
   7.1065532e+03
   7.1277316e+03
   7.1489100e+03
   7.1700884e+03
   7.1912668e+03
   7.2124452e+03
   7.2336236e+03
   7.2548020e+03
   7.2759804e+03
   7.2971588e+03
   7.3183372e+03
   7.3395156e+03
   7.3606940e+03
   7.3818724e+03
   7.4030508e+03
   7.4242292e+03
   7.4454076e+03
   7.4665860e+03
   7.4877644e+03
   7.5089428e+03
   7.5301212e+03
   7.5512996e+03
   7.5724780e+03
   7.5936564e+03
   7.6148348e+03
   7.6360132e+03
   7.6571916e+03
   7.6783700e+03
   7.6995484e+03
   7.7207268e+03
   7.7419052e+03
   7.7630836e+03
   7.7842620e+03
   7.8054404e+03
   7.8266188e+03
   7.8477972e+03
   7.8689756e+03
   7.8901540e+03
   7.9113324e+03
   7.9325108e+03
   7.9536892e+03
   7.9748676e+03
   7.9960460e+03
   8.0172244e+03
   8.0384028e+03
   8.0595812e+03
   8.0807596e+03
   8.1019380e+03
   8.1231164e+03
   8.1442948e+03
   8.1654732e+03
   8.1866516e+03
   8.2078300e+03
   8.2290084e+03
   8.2501868e+03
   8.2713652e+03
   8.2925436e+03
   8.3137220e+03
   8.3349004e+03
   8.3560788e+03
   8.3772572e+03
   8.3984356e+03
   8.4196140e+03
   8.4407924e+03
   8.4619708e+03
   8.4831492e+03
   8.5043276e+03
   8.5255060e+03
   8.5466844e+03
   8.5678628e+03
   8.5890412e+03
   8.6102196e+03
   8.6313980e+03
   8.6525764e+03
   8.6737548e+03
   8.6949332e+03
   8.7161116e+03
   8.7372900e+03
   8.7584684e+03
   8.7796468e+03
   8.8008252e+03
   8.8220036e+03
   8.8431820e+03
   8.8643604e+03
   8.8855388e+03
   8.9067172e+03
   8.9278956e+03
   8.9490740e+03
   8.9702524e+03
   8.9914308e+03
   9.0126092e+03
   9.0337876e+03
   9.0549660e+03
   9.0761444e+03
   9.0973228e+03
   9.1185012e+03
   9.1396796e+03
   9.1608580e+03
   9.1820364e+03
   9.2032148e+03
   9.2243932e+03
   9.2455716e+03
   9.2667500e+03
   9.2879284e+03
   9.3091068e+03
   9.3302852e+03
   9.3514636e+03
   9.3726420e+03
   9.3938204e+03
   9.4149988e+03
   9.4361772e+03
   9.4573556e+03
   9.4785340e+03
   9.4997124e+03
   9.5208908e+03
   9.5420692e+03
   9.5632476e+03
   9.5844260e+03
   9.6056044e+03
   9.6267828e+03
   9.6479612e+03
   9.6691396e+03
   9.6903180e+03
   9.7114964e+03
   9.7326748e+03
   9.7538532e+03
   9.7750316e+03
   9.7962100e+03
   9.8173884e+03
   9.8385668e+03
   9.8597452e+03
   9.8809236e+03
   9.9021020e+03
   9.9232804e+03
   9.9444588e+03
   9.9656372e+03
   9.9868156e+03
   1.0007994e+04
   1.0029172e+04
   1.0050351e+04
   1.0071529e+04
   1.0092708e+04
   1.0113886e+04
   1.0135064e+04
   1.0156243e+04
   1.0177421e+04
   1.0198600e+04
   1.0219778e+04
   1.0240956e+04
   1.0262135e+04
   1.0283313e+04
   1.0304492e+04
   1.0325670e+04
   1.0346848e+04
   1.0368027e+04
   1.0389205e+04
   1.0410384e+04
   1.0431562e+04
   1.0452740e+04
   1.0473919e+04
   1.0495097e+04
   1.0516276e+04
   1.0537454e+04
   1.0558632e+04
   1.0579811e+04
