  -1.0476914e+04
  -1.0252342e+04
  -1.0027770e+04
  -9.8031980e+03
  -9.5786260e+03
  -9.3540540e+03
  -9.1294820e+03
  -8.9049100e+03
  -8.6803380e+03
  -8.4557660e+03
  -8.2311940e+03
  -8.0066220e+03
  -7.7820500e+03
  -7.5574780e+03
  -7.3329060e+03
  -7.1083340e+03
  -6.8837620e+03
  -6.6591900e+03
  -6.4346180e+03
  -6.2100460e+03
  -5.9854740e+03
  -5.7609020e+03
  -5.5363300e+03
  -5.3117580e+03
  -5.0871860e+03
  -4.8626140e+03
  -4.6380420e+03
  -4.4134700e+03
  -4.1888980e+03
  -3.9643260e+03
  -3.7397540e+03
  -3.5151820e+03
  -3.2906100e+03
  -3.0660380e+03
  -2.8414660e+03
  -2.6168940e+03
  -2.3923220e+03
  -2.1677500e+03
  -1.9431780e+03
  -1.7186060e+03
  -1.4940340e+03
  -1.2694620e+03
  -1.0448900e+03
  -8.2031800e+02
  -5.9574600e+02
  -3.7117400e+02
  -1.4660200e+02
   7.7970000e+01
   3.0254200e+02
   5.2711400e+02
   7.5168600e+02
   9.7625800e+02
   1.2008300e+03
   1.4254020e+03
   1.6499740e+03
   1.8745460e+03
   2.0991180e+03
   2.3236900e+03
   2.5482620e+03
   2.7728340e+03
   2.9974060e+03
   3.2219780e+03
   3.4465500e+03
   3.6711220e+03
   3.8956940e+03
   4.1202660e+03
   4.3448380e+03
   4.5694100e+03
   4.7939820e+03
   5.0185540e+03
   5.2431260e+03
   5.4676980e+03
   5.6922700e+03
   5.9168420e+03
   6.1414140e+03
   6.3659860e+03
   6.5905580e+03
   6.8151300e+03
   7.0397020e+03
   7.2642740e+03
   7.4888460e+03
   7.7134180e+03
   7.9379900e+03
   8.1625620e+03
   8.3871340e+03
   8.6117060e+03
   8.8362780e+03
   9.0608500e+03
   9.2854220e+03
   9.5099940e+03
   9.7345660e+03
   9.9591380e+03
   1.0183710e+04
   1.0408282e+04
