  -1.0589200e+04
  -1.0568000e+04
  -1.0546800e+04
  -1.0525600e+04
  -1.0504400e+04
  -1.0483200e+04
  -1.0462000e+04
  -1.0440800e+04
  -1.0419600e+04
  -1.0398400e+04
  -1.0377200e+04
  -1.0356000e+04
  -1.0334800e+04
  -1.0313600e+04
  -1.0292400e+04
  -1.0271200e+04
  -1.0250000e+04
  -1.0228800e+04
  -1.0207600e+04
  -1.0186400e+04
  -1.0165200e+04
  -1.0144000e+04
  -1.0122800e+04
  -1.0101600e+04
  -1.0080400e+04
  -1.0059200e+04
  -1.0038000e+04
  -1.0016800e+04
  -9.9956100e+03
  -9.9744100e+03
  -9.9532100e+03
  -9.9320100e+03
  -9.9108100e+03
  -9.8896100e+03
  -9.8684100e+03
  -9.8472100e+03
  -9.8260100e+03
  -9.8048100e+03
  -9.7836200e+03
  -9.7624200e+03
  -9.7412200e+03
  -9.7200200e+03
  -9.6988200e+03
  -9.6776200e+03
  -9.6564200e+03
  -9.6352200e+03
  -9.6140200e+03
  -9.5928200e+03
  -9.5716200e+03
  -9.5504200e+03
  -9.5292200e+03
  -9.5080200e+03
  -9.4868200e+03
  -9.4656200e+03
  -9.4444200e+03
  -9.4232200e+03
  -9.4020200e+03
  -9.3808200e+03
  -9.3596200e+03
  -9.3384200e+03
  -9.3172200e+03
  -9.2960200e+03
  -9.2748200e+03
  -9.2536300e+03
  -9.2324300e+03
  -9.2112300e+03
  -9.1900300e+03
  -9.1688300e+03
  -9.1476300e+03
  -9.1264300e+03
  -9.1052300e+03
  -9.0840300e+03
  -9.0628300e+03
  -9.0416300e+03
  -9.0204300e+03
  -8.9992300e+03
  -8.9780300e+03
  -8.9568300e+03
  -8.9356300e+03
  -8.9144300e+03
  -8.8932300e+03
  -8.8720300e+03
  -8.8508300e+03
  -8.8296300e+03
  -8.8084300e+03
  -8.7872300e+03
  -8.7660300e+03
  -8.7448300e+03
  -8.7236400e+03
  -8.7024400e+03
  -8.6812400e+03
  -8.6600400e+03
  -8.6388400e+03
  -8.6176400e+03
  -8.5964400e+03
  -8.5752400e+03
  -8.5540400e+03
  -8.5328400e+03
  -8.5116400e+03
  -8.4904400e+03
  -8.4692400e+03
  -8.4480400e+03
  -8.4268400e+03
  -8.4056400e+03
  -8.3844400e+03
  -8.3632400e+03
  -8.3420400e+03
  -8.3208400e+03
  -8.2996400e+03
  -8.2784400e+03
  -8.2572400e+03
  -8.2360400e+03
  -8.2148400e+03
  -8.1936500e+03
  -8.1724500e+03
  -8.1512500e+03
  -8.1300500e+03
  -8.1088500e+03
  -8.0876500e+03
  -8.0664500e+03
  -8.0452500e+03
  -8.0240500e+03
  -8.0028500e+03
  -7.9816500e+03
  -7.9604500e+03
  -7.9392500e+03
  -7.9180500e+03
  -7.8968500e+03
  -7.8756500e+03
  -7.8544500e+03
  -7.8332500e+03
  -7.8120500e+03
  -7.7908500e+03
  -7.7696500e+03
  -7.7484500e+03
  -7.7272500e+03
  -7.7060500e+03
  -7.6848500e+03
  -7.6636600e+03
  -7.6424600e+03
  -7.6212600e+03
  -7.6000600e+03
  -7.5788600e+03
  -7.5576600e+03
  -7.5364600e+03
  -7.5152600e+03
  -7.4940600e+03
  -7.4728600e+03
  -7.4516600e+03
  -7.4304600e+03
  -7.4092600e+03
  -7.3880600e+03
  -7.3668600e+03
  -7.3456600e+03
  -7.3244600e+03
  -7.3032600e+03
  -7.2820600e+03
  -7.2608600e+03
  -7.2396600e+03
  -7.2184600e+03
  -7.1972600e+03
  -7.1760600e+03
  -7.1548600e+03
  -7.1336700e+03
  -7.1124700e+03
  -7.0912700e+03
  -7.0700700e+03
  -7.0488700e+03
  -7.0276700e+03
  -7.0064700e+03
  -6.9852700e+03
  -6.9640700e+03
  -6.9428700e+03
  -6.9216700e+03
  -6.9004700e+03
  -6.8792700e+03
  -6.8580700e+03
  -6.8368700e+03
  -6.8156700e+03
  -6.7944700e+03
  -6.7732700e+03
  -6.7520700e+03
  -6.7308700e+03
  -6.7096700e+03
  -6.6884700e+03
  -6.6672700e+03
  -6.6460700e+03
  -6.6248700e+03
  -6.6036800e+03
  -6.5824800e+03
  -6.5612800e+03
  -6.5400800e+03
  -6.5188800e+03
  -6.4976800e+03
  -6.4764800e+03
  -6.4552800e+03
  -6.4340800e+03
  -6.4128800e+03
  -6.3916800e+03
  -6.3704800e+03
  -6.3492800e+03
  -6.3280800e+03
  -6.3068800e+03
  -6.2856800e+03
  -6.2644800e+03
  -6.2432800e+03
  -6.2220800e+03
  -6.2008800e+03
  -6.1796800e+03
  -6.1584800e+03
  -6.1372800e+03
  -6.1160800e+03
  -6.0948800e+03
  -6.0736900e+03
  -6.0524900e+03
  -6.0312900e+03
  -6.0100900e+03
  -5.9888900e+03
  -5.9676900e+03
  -5.9464900e+03
  -5.9252900e+03
  -5.9040900e+03
  -5.8828900e+03
  -5.8616900e+03
  -5.8404900e+03
  -5.8192900e+03
  -5.7980900e+03
  -5.7768900e+03
  -5.7556900e+03
  -5.7344900e+03
  -5.7132900e+03
  -5.6920900e+03
  -5.6708900e+03
  -5.6496900e+03
  -5.6284900e+03
  -5.6072900e+03
  -5.5860900e+03
  -5.5648900e+03
  -5.5437000e+03
  -5.5225000e+03
  -5.5013000e+03
  -5.4801000e+03
  -5.4589000e+03
  -5.4377000e+03
  -5.4165000e+03
  -5.3953000e+03
  -5.3741000e+03
  -5.3529000e+03
  -5.3317000e+03
  -5.3105000e+03
  -5.2893000e+03
  -5.2681000e+03
  -5.2469000e+03
  -5.2257000e+03
  -5.2045000e+03
  -5.1833000e+03
  -5.1621000e+03
  -5.1409000e+03
  -5.1197000e+03
  -5.0985000e+03
  -5.0773000e+03
  -5.0561000e+03
  -5.0349000e+03
  -5.0137100e+03
  -4.9925100e+03
  -4.9713100e+03
  -4.9501100e+03
  -4.9289100e+03
  -4.9077100e+03
  -4.8865100e+03
  -4.8653100e+03
  -4.8441100e+03
  -4.8229100e+03
  -4.8017100e+03
  -4.7805100e+03
  -4.7593100e+03
  -4.7381100e+03
  -4.7169100e+03
  -4.6957100e+03
  -4.6745100e+03
  -4.6533100e+03
  -4.6321100e+03
  -4.6109100e+03
  -4.5897100e+03
  -4.5685100e+03
  -4.5473100e+03
  -4.5261100e+03
  -4.5049100e+03
  -4.4837200e+03
  -4.4625200e+03
  -4.4413200e+03
  -4.4201200e+03
  -4.3989200e+03
  -4.3777200e+03
  -4.3565200e+03
  -4.3353200e+03
  -4.3141200e+03
  -4.2929200e+03
  -4.2717200e+03
  -4.2505200e+03
  -4.2293200e+03
  -4.2081200e+03
  -4.1869200e+03
  -4.1657200e+03
  -4.1445200e+03
  -4.1233200e+03
  -4.1021200e+03
  -4.0809200e+03
  -4.0597200e+03
  -4.0385200e+03
  -4.0173200e+03
  -3.9961200e+03
  -3.9749200e+03
  -3.9537300e+03
  -3.9325300e+03
  -3.9113300e+03
  -3.8901300e+03
  -3.8689300e+03
  -3.8477300e+03
  -3.8265300e+03
  -3.8053300e+03
  -3.7841300e+03
  -3.7629300e+03
  -3.7417300e+03
  -3.7205300e+03
  -3.6993300e+03
  -3.6781300e+03
  -3.6569300e+03
  -3.6357300e+03
  -3.6145300e+03
  -3.5933300e+03
  -3.5721300e+03
  -3.5509300e+03
  -3.5297300e+03
  -3.5085300e+03
  -3.4873300e+03
  -3.4661300e+03
  -3.4449300e+03
  -3.4237400e+03
  -3.4025400e+03
  -3.3813400e+03
  -3.3601400e+03
  -3.3389400e+03
  -3.3177400e+03
  -3.2965400e+03
  -3.2753400e+03
  -3.2541400e+03
  -3.2329400e+03
  -3.2117400e+03
  -3.1905400e+03
  -3.1693400e+03
  -3.1481400e+03
  -3.1269400e+03
  -3.1057400e+03
  -3.0845400e+03
  -3.0633400e+03
  -3.0421400e+03
  -3.0209400e+03
  -2.9997400e+03
  -2.9785400e+03
  -2.9573400e+03
  -2.9361400e+03
  -2.9149400e+03
  -2.8937500e+03
  -2.8725500e+03
  -2.8513500e+03
  -2.8301500e+03
  -2.8089500e+03
  -2.7877500e+03
  -2.7665500e+03
  -2.7453500e+03
  -2.7241500e+03
  -2.7029500e+03
  -2.6817500e+03
  -2.6605500e+03
  -2.6393500e+03
  -2.6181500e+03
  -2.5969500e+03
  -2.5757500e+03
  -2.5545500e+03
  -2.5333500e+03
  -2.5121500e+03
  -2.4909500e+03
  -2.4697500e+03
  -2.4485500e+03
  -2.4273500e+03
  -2.4061500e+03
  -2.3849500e+03
  -2.3637600e+03
  -2.3425600e+03
  -2.3213600e+03
  -2.3001600e+03
  -2.2789600e+03
  -2.2577600e+03
  -2.2365600e+03
  -2.2153600e+03
  -2.1941600e+03
  -2.1729600e+03
  -2.1517600e+03
  -2.1305600e+03
  -2.1093600e+03
  -2.0881600e+03
  -2.0669600e+03
  -2.0457600e+03
  -2.0245600e+03
  -2.0033600e+03
  -1.9821600e+03
  -1.9609600e+03
  -1.9397600e+03
  -1.9185600e+03
  -1.8973600e+03
  -1.8761600e+03
  -1.8549600e+03
  -1.8337700e+03
  -1.8125700e+03
  -1.7913700e+03
  -1.7701700e+03
  -1.7489700e+03
  -1.7277700e+03
  -1.7065700e+03
  -1.6853700e+03
  -1.6641700e+03
  -1.6429700e+03
  -1.6217700e+03
  -1.6005700e+03
  -1.5793700e+03
  -1.5581700e+03
  -1.5369700e+03
  -1.5157700e+03
  -1.4945700e+03
  -1.4733700e+03
  -1.4521700e+03
  -1.4309700e+03
  -1.4097700e+03
  -1.3885700e+03
  -1.3673700e+03
  -1.3461700e+03
  -1.3249700e+03
  -1.3037800e+03
  -1.2825800e+03
  -1.2613800e+03
  -1.2401800e+03
  -1.2189800e+03
  -1.1977800e+03
  -1.1765800e+03
  -1.1553800e+03
  -1.1341800e+03
  -1.1129800e+03
  -1.0917800e+03
  -1.0705800e+03
  -1.0493800e+03
  -1.0281800e+03
  -1.0069800e+03
  -9.8578100e+02
  -9.6458200e+02
  -9.4338200e+02
  -9.2218300e+02
  -9.0098300e+02
  -8.7978300e+02
  -8.5858400e+02
  -8.3738400e+02
  -8.1618500e+02
  -7.9498500e+02
  -7.7378500e+02
  -7.5258600e+02
  -7.3138600e+02
  -7.1018700e+02
  -6.8898700e+02
  -6.6778700e+02
  -6.4658800e+02
  -6.2538800e+02
  -6.0418900e+02
  -5.8298900e+02
  -5.6178900e+02
  -5.4059000e+02
  -5.1939000e+02
  -4.9819100e+02
  -4.7699100e+02
  -4.5579100e+02
  -4.3459200e+02
  -4.1339200e+02
  -3.9219300e+02
  -3.7099300e+02
  -3.4979300e+02
  -3.2859400e+02
  -3.0739400e+02
  -2.8619500e+02
  -2.6499500e+02
  -2.4379500e+02
  -2.2259600e+02
  -2.0139600e+02
  -1.8019700e+02
  -1.5899700e+02
  -1.3779700e+02
  -1.1659800e+02
  -9.5398200e+01
  -7.4198600e+01
  -5.2999000e+01
  -3.1799400e+01
  -1.0599800e+01
   1.0599800e+01
   3.1799400e+01
   5.2999000e+01
   7.4198600e+01
   9.5398200e+01
   1.1659800e+02
   1.3779700e+02
   1.5899700e+02
   1.8019700e+02
   2.0139600e+02
   2.2259600e+02
   2.4379500e+02
   2.6499500e+02
   2.8619500e+02
   3.0739400e+02
   3.2859400e+02
   3.4979300e+02
   3.7099300e+02
   3.9219300e+02
   4.1339200e+02
   4.3459200e+02
   4.5579100e+02
   4.7699100e+02
   4.9819100e+02
   5.1939000e+02
   5.4059000e+02
   5.6178900e+02
   5.8298900e+02
   6.0418900e+02
   6.2538800e+02
   6.4658800e+02
   6.6778700e+02
   6.8898700e+02
   7.1018700e+02
   7.3138600e+02
   7.5258600e+02
   7.7378500e+02
   7.9498500e+02
   8.1618500e+02
   8.3738400e+02
   8.5858400e+02
   8.7978300e+02
   9.0098300e+02
   9.2218300e+02
   9.4338200e+02
   9.6458200e+02
   9.8578100e+02
   1.0069800e+03
   1.0281800e+03
   1.0493800e+03
   1.0705800e+03
   1.0917800e+03
   1.1129800e+03
   1.1341800e+03
   1.1553800e+03
   1.1765800e+03
   1.1977800e+03
   1.2189800e+03
   1.2401800e+03
   1.2613800e+03
   1.2825800e+03
   1.3037800e+03
   1.3249700e+03
   1.3461700e+03
   1.3673700e+03
   1.3885700e+03
   1.4097700e+03
   1.4309700e+03
   1.4521700e+03
   1.4733700e+03
   1.4945700e+03
   1.5157700e+03
   1.5369700e+03
   1.5581700e+03
   1.5793700e+03
   1.6005700e+03
   1.6217700e+03
   1.6429700e+03
   1.6641700e+03
   1.6853700e+03
   1.7065700e+03
   1.7277700e+03
   1.7489700e+03
   1.7701700e+03
   1.7913700e+03
   1.8125700e+03
   1.8337700e+03
   1.8549600e+03
   1.8761600e+03
   1.8973600e+03
   1.9185600e+03
   1.9397600e+03
   1.9609600e+03
   1.9821600e+03
   2.0033600e+03
   2.0245600e+03
   2.0457600e+03
   2.0669600e+03
   2.0881600e+03
   2.1093600e+03
   2.1305600e+03
   2.1517600e+03
   2.1729600e+03
   2.1941600e+03
   2.2153600e+03
   2.2365600e+03
   2.2577600e+03
   2.2789600e+03
   2.3001600e+03
   2.3213600e+03
   2.3425600e+03
   2.3637600e+03
   2.3849500e+03
   2.4061500e+03
   2.4273500e+03
   2.4485500e+03
   2.4697500e+03
   2.4909500e+03
   2.5121500e+03
   2.5333500e+03
   2.5545500e+03
   2.5757500e+03
   2.5969500e+03
   2.6181500e+03
   2.6393500e+03
   2.6605500e+03
   2.6817500e+03
   2.7029500e+03
   2.7241500e+03
   2.7453500e+03
   2.7665500e+03
   2.7877500e+03
   2.8089500e+03
   2.8301500e+03
   2.8513500e+03
   2.8725500e+03
   2.8937500e+03
   2.9149400e+03
   2.9361400e+03
   2.9573400e+03
   2.9785400e+03
   2.9997400e+03
   3.0209400e+03
   3.0421400e+03
   3.0633400e+03
   3.0845400e+03
   3.1057400e+03
   3.1269400e+03
   3.1481400e+03
   3.1693400e+03
   3.1905400e+03
   3.2117400e+03
   3.2329400e+03
   3.2541400e+03
   3.2753400e+03
   3.2965400e+03
   3.3177400e+03
   3.3389400e+03
   3.3601400e+03
   3.3813400e+03
   3.4025400e+03
   3.4237400e+03
   3.4449300e+03
   3.4661300e+03
   3.4873300e+03
   3.5085300e+03
   3.5297300e+03
   3.5509300e+03
   3.5721300e+03
   3.5933300e+03
   3.6145300e+03
   3.6357300e+03
   3.6569300e+03
   3.6781300e+03
   3.6993300e+03
   3.7205300e+03
   3.7417300e+03
   3.7629300e+03
   3.7841300e+03
   3.8053300e+03
   3.8265300e+03
   3.8477300e+03
   3.8689300e+03
   3.8901300e+03
   3.9113300e+03
   3.9325300e+03
   3.9537300e+03
   3.9749200e+03
   3.9961200e+03
   4.0173200e+03
   4.0385200e+03
   4.0597200e+03
   4.0809200e+03
   4.1021200e+03
   4.1233200e+03
   4.1445200e+03
   4.1657200e+03
   4.1869200e+03
   4.2081200e+03
   4.2293200e+03
   4.2505200e+03
   4.2717200e+03
   4.2929200e+03
   4.3141200e+03
   4.3353200e+03
   4.3565200e+03
   4.3777200e+03
   4.3989200e+03
   4.4201200e+03
   4.4413200e+03
   4.4625200e+03
   4.4837200e+03
   4.5049100e+03
   4.5261100e+03
   4.5473100e+03
   4.5685100e+03
   4.5897100e+03
   4.6109100e+03
   4.6321100e+03
   4.6533100e+03
   4.6745100e+03
   4.6957100e+03
   4.7169100e+03
   4.7381100e+03
   4.7593100e+03
   4.7805100e+03
   4.8017100e+03
   4.8229100e+03
   4.8441100e+03
   4.8653100e+03
   4.8865100e+03
   4.9077100e+03
   4.9289100e+03
   4.9501100e+03
   4.9713100e+03
   4.9925100e+03
   5.0137100e+03
   5.0349000e+03
   5.0561000e+03
   5.0773000e+03
   5.0985000e+03
   5.1197000e+03
   5.1409000e+03
   5.1621000e+03
   5.1833000e+03
   5.2045000e+03
   5.2257000e+03
   5.2469000e+03
   5.2681000e+03
   5.2893000e+03
   5.3105000e+03
   5.3317000e+03
   5.3529000e+03
   5.3741000e+03
   5.3953000e+03
   5.4165000e+03
   5.4377000e+03
   5.4589000e+03
   5.4801000e+03
   5.5013000e+03
   5.5225000e+03
   5.5437000e+03
   5.5648900e+03
   5.5860900e+03
   5.6072900e+03
   5.6284900e+03
   5.6496900e+03
   5.6708900e+03
   5.6920900e+03
   5.7132900e+03
   5.7344900e+03
   5.7556900e+03
   5.7768900e+03
   5.7980900e+03
   5.8192900e+03
   5.8404900e+03
   5.8616900e+03
   5.8828900e+03
   5.9040900e+03
   5.9252900e+03
   5.9464900e+03
   5.9676900e+03
   5.9888900e+03
   6.0100900e+03
   6.0312900e+03
   6.0524900e+03
   6.0736900e+03
   6.0948800e+03
   6.1160800e+03
   6.1372800e+03
   6.1584800e+03
   6.1796800e+03
   6.2008800e+03
   6.2220800e+03
   6.2432800e+03
   6.2644800e+03
   6.2856800e+03
   6.3068800e+03
   6.3280800e+03
   6.3492800e+03
   6.3704800e+03
   6.3916800e+03
   6.4128800e+03
   6.4340800e+03
   6.4552800e+03
   6.4764800e+03
   6.4976800e+03
   6.5188800e+03
   6.5400800e+03
   6.5612800e+03
   6.5824800e+03
   6.6036800e+03
   6.6248700e+03
   6.6460700e+03
   6.6672700e+03
   6.6884700e+03
   6.7096700e+03
   6.7308700e+03
   6.7520700e+03
   6.7732700e+03
   6.7944700e+03
   6.8156700e+03
   6.8368700e+03
   6.8580700e+03
   6.8792700e+03
   6.9004700e+03
   6.9216700e+03
   6.9428700e+03
   6.9640700e+03
   6.9852700e+03
   7.0064700e+03
   7.0276700e+03
   7.0488700e+03
   7.0700700e+03
   7.0912700e+03
   7.1124700e+03
   7.1336700e+03
   7.1548600e+03
   7.1760600e+03
   7.1972600e+03
   7.2184600e+03
   7.2396600e+03
   7.2608600e+03
   7.2820600e+03
   7.3032600e+03
   7.3244600e+03
   7.3456600e+03
   7.3668600e+03
   7.3880600e+03
   7.4092600e+03
   7.4304600e+03
   7.4516600e+03
   7.4728600e+03
   7.4940600e+03
   7.5152600e+03
   7.5364600e+03
   7.5576600e+03
   7.5788600e+03
   7.6000600e+03
   7.6212600e+03
   7.6424600e+03
   7.6636600e+03
   7.6848500e+03
   7.7060500e+03
   7.7272500e+03
   7.7484500e+03
   7.7696500e+03
   7.7908500e+03
   7.8120500e+03
   7.8332500e+03
   7.8544500e+03
   7.8756500e+03
   7.8968500e+03
   7.9180500e+03
   7.9392500e+03
   7.9604500e+03
   7.9816500e+03
   8.0028500e+03
   8.0240500e+03
   8.0452500e+03
   8.0664500e+03
   8.0876500e+03
   8.1088500e+03
   8.1300500e+03
   8.1512500e+03
   8.1724500e+03
   8.1936500e+03
   8.2148400e+03
   8.2360400e+03
   8.2572400e+03
   8.2784400e+03
   8.2996400e+03
   8.3208400e+03
   8.3420400e+03
   8.3632400e+03
   8.3844400e+03
   8.4056400e+03
   8.4268400e+03
   8.4480400e+03
   8.4692400e+03
   8.4904400e+03
   8.5116400e+03
   8.5328400e+03
   8.5540400e+03
   8.5752400e+03
   8.5964400e+03
   8.6176400e+03
   8.6388400e+03
   8.6600400e+03
   8.6812400e+03
   8.7024400e+03
   8.7236400e+03
   8.7448300e+03
   8.7660300e+03
   8.7872300e+03
   8.8084300e+03
   8.8296300e+03
   8.8508300e+03
   8.8720300e+03
   8.8932300e+03
   8.9144300e+03
   8.9356300e+03
   8.9568300e+03
   8.9780300e+03
   8.9992300e+03
   9.0204300e+03
   9.0416300e+03
   9.0628300e+03
   9.0840300e+03
   9.1052300e+03
   9.1264300e+03
   9.1476300e+03
   9.1688300e+03
   9.1900300e+03
   9.2112300e+03
   9.2324300e+03
   9.2536300e+03
   9.2748200e+03
   9.2960200e+03
   9.3172200e+03
   9.3384200e+03
   9.3596200e+03
   9.3808200e+03
   9.4020200e+03
   9.4232200e+03
   9.4444200e+03
   9.4656200e+03
   9.4868200e+03
   9.5080200e+03
   9.5292200e+03
   9.5504200e+03
   9.5716200e+03
   9.5928200e+03
   9.6140200e+03
   9.6352200e+03
   9.6564200e+03
   9.6776200e+03
   9.6988200e+03
   9.7200200e+03
   9.7412200e+03
   9.7624200e+03
   9.7836200e+03
   9.8048100e+03
   9.8260100e+03
   9.8472100e+03
   9.8684100e+03
   9.8896100e+03
   9.9108100e+03
   9.9320100e+03
   9.9532100e+03
   9.9744100e+03
   9.9956100e+03
   1.0016800e+04
   1.0038000e+04
   1.0059200e+04
   1.0080400e+04
   1.0101600e+04
   1.0122800e+04
   1.0144000e+04
   1.0165200e+04
   1.0186400e+04
   1.0207600e+04
   1.0228800e+04
   1.0250000e+04
   1.0271200e+04
   1.0292400e+04
   1.0313600e+04
   1.0334800e+04
   1.0356000e+04
   1.0377200e+04
   1.0398400e+04
   1.0419600e+04
   1.0440800e+04
   1.0462000e+04
   1.0483200e+04
   1.0504400e+04
   1.0525600e+04
   1.0546800e+04
   1.0568000e+04
   1.0589200e+04
