   6.7634077e-04
   8.7489690e-04
   1.2429496e-03
   1.1366504e-03
   2.4150300e-03
   2.4269713e-03
   3.2466100e-03
   3.4380413e-03
   4.5177143e-03
   4.0179698e-03
   4.3048938e-03
   4.8309929e-03
   4.8455979e-03
   5.4338774e-03
   5.5732381e-03
   6.6836893e-03
   6.8774855e-03
   7.2382259e-03
   7.6109821e-03
   7.9872171e-03
   8.5790499e-03
   1.2087323e-02
   1.4514411e-02
   1.7733514e-02
   2.0001837e-02
   2.0448071e-02
   2.2370636e-02
   2.3139370e-02
   2.3834649e-02
   2.3989540e-02
   2.5238803e-02
   2.3084653e-02
   2.5976726e-02
   2.4794475e-02
   2.6469946e-02
   2.5695428e-02
   2.4846206e-02
   2.7644110e-02
   2.6505904e-02
   2.6105731e-02
   2.6442173e-02
   2.6220111e-02
   2.6941817e-02
   2.4953351e-02
   2.5850923e-02
   2.6266173e-02
   2.3997486e-02
   2.5283500e-02
   2.4835107e-02
   2.5565262e-02
   2.5231665e-02
   2.4742560e-02
   2.3700335e-02
   2.2711316e-02
   2.1912028e-02
   2.2231789e-02
   2.1981899e-02
   2.0749543e-02
   2.0040399e-02
   1.9163420e-02
   1.8352871e-02
   1.7742621e-02
   1.7095106e-02
   1.5576416e-02
   1.4375219e-02
   1.2604238e-02
   9.9553896e-03
   7.0159364e-03
   4.4609883e-03
   4.8105656e-03
   3.3880431e-03
   2.4819125e-03
   2.2246325e-03
   3.2491902e-03
   1.2074205e-03
   9.5539932e-04
   9.0504661e-04
   2.5411588e-04
   2.0568921e-03
