   5.3746915e-03
   6.0989816e-03
   6.0223732e-03
   5.8819156e-03
   6.8161518e-03
   7.5308658e-03
   7.4991066e-03
   8.5306878e-03
   8.2949213e-03
   8.2920134e-03
   8.7912747e-03
   8.5943824e-03
   8.4626410e-03
   8.6058423e-03
   8.7087082e-03
   9.8891637e-03
   9.3661228e-03
   1.0521181e-02
   9.9091852e-03
   1.0336335e-02
   1.0319509e-02
   1.2024314e-02
   1.2019230e-02
   1.4956721e-02
   1.6115551e-02
   1.7154238e-02
   1.8628201e-02
   2.0293389e-02
   2.0835316e-02
   1.9872929e-02
   2.1817133e-02
   2.0435575e-02
   2.4194298e-02
   2.2791695e-02
   2.3394107e-02
   2.2988865e-02
   2.3159932e-02
   2.5762133e-02
   2.5402742e-02
   2.4697312e-02
   2.5830168e-02
   2.4703826e-02
   2.7041213e-02
   2.4667843e-02
   2.6038503e-02
   2.5864540e-02
   2.4511266e-02
   2.6401214e-02
   2.6728235e-02
   2.7562796e-02
   2.8151340e-02
   2.6900524e-02
   2.6144168e-02
   2.5099084e-02
   2.5248233e-02
   2.6837844e-02
   2.7369164e-02
   2.6876138e-02
   2.5810161e-02
   2.5235025e-02
   2.3773816e-02
   2.4294418e-02
   2.3810963e-02
   2.3867553e-02
   2.3720869e-02
   2.2390537e-02
   2.0440087e-02
   1.8266934e-02
   1.4052636e-02
   1.3790616e-02
   9.6760030e-03
   8.4138721e-03
   7.3013135e-03
   9.9130713e-03
   6.0886376e-03
   6.0911252e-03
   4.0112453e-03
   5.2012865e-03
   3.9539556e-03
   5.5989716e-03
   4.0038477e-03
   2.5083945e-03
   2.3588172e-03
   2.0461284e-03
   1.5241043e-03
   1.3962634e-03
   4.9524752e-04
