   2.1486849e-04
   5.7946081e-06
   2.7251930e-04
   1.8965593e-03
   2.4419742e-03
   3.5044954e-03
   2.5534538e-03
   4.3854812e-03
   5.2651801e-03
   8.1955196e-03
   8.6712795e-03
   1.0998191e-02
   1.2398903e-02
   1.2022341e-02
   1.4420472e-02
   1.5790825e-02
   1.8245327e-02
   1.7519625e-02
   1.9966192e-02
   1.8967077e-02
   2.2126346e-02
   2.0369885e-02
   2.1215280e-02
   2.1339080e-02
   2.1944241e-02
   2.3445529e-02
   2.4088130e-02
   2.4318502e-02
   2.3756621e-02
   2.3920681e-02
   2.3989604e-02
   2.2948141e-02
   2.2003341e-02
   2.1198729e-02
   2.0341854e-02
   2.1602823e-02
   1.8656295e-02
   1.8961553e-02
   2.1237994e-02
   2.0108399e-02
   1.8586823e-02
   1.7125155e-02
   1.5172749e-02
   1.4368099e-02
   1.3813145e-02
   1.0056088e-02
   1.0418796e-02
   9.0499304e-03
   6.5943029e-03
   6.6286909e-03
   5.4319758e-03
   3.6426274e-03
   3.9133816e-03
   2.3844781e-03
   6.4742543e-04
   1.5553872e-03
   8.7546191e-04
