   9.3716216e-03
   1.0395725e-02
   9.7644290e-03
   9.6483976e-03
   1.0902846e-02
   1.1122282e-02
   1.1990731e-02
   1.1982089e-02
   1.3033106e-02
   1.2427645e-02
   1.3239577e-02
   1.3003980e-02
   1.3146584e-02
   1.3252491e-02
   1.3258460e-02
   1.4202878e-02
   1.3973896e-02
   1.4145122e-02
   1.3625187e-02
   1.3893444e-02
   1.4325035e-02
   1.5573292e-02
   1.5324118e-02
   1.6926047e-02
   1.8938988e-02
   1.9314846e-02
   2.1513907e-02
   2.1189461e-02
   2.1993873e-02
   2.1775719e-02
   2.3603470e-02
   2.1572239e-02
   2.4662840e-02
   2.3309127e-02
   2.4233047e-02
   2.3539905e-02
   2.2550926e-02
   2.4714099e-02
   2.4934750e-02
   2.4712751e-02
   2.3833019e-02
   2.4311310e-02
   2.4172045e-02
   2.2768262e-02
   2.3559212e-02
   2.3541806e-02
   2.1924575e-02
   2.3572031e-02
   2.2850448e-02
   2.3988185e-02
   2.4000388e-02
   2.3416653e-02
   2.2705664e-02
   2.2768837e-02
   2.3105805e-02
   2.3745312e-02
   2.2903700e-02
   2.2048379e-02
   2.1544605e-02
   2.0948114e-02
   2.0055559e-02
   2.0007248e-02
   1.9853208e-02
   1.9632646e-02
   1.9107740e-02
   1.8196876e-02
   1.6517915e-02
   1.5683046e-02
   1.2720794e-02
   1.2288395e-02
   9.3077222e-03
   8.6930860e-03
   7.4722371e-03
   8.4606944e-03
   6.2813437e-03
   6.1689585e-03
   4.2694532e-03
   5.3291352e-03
   4.4384846e-03
   6.0767266e-03
   3.1003747e-03
   2.2192276e-03
   3.3088872e-03
   2.5046248e-03
   1.5623803e-03
   1.9573140e-03
   6.9218128e-04
