   3.6668696e-04
   1.7132157e-03
   1.2309239e-03
   1.3714022e-03
   2.3730015e-03
   2.5755330e-03
   3.2208800e-03
   3.3798952e-03
   4.4318105e-03
   3.8766312e-03
   4.5701929e-03
   4.8995859e-03
   5.1036842e-03
   5.2181948e-03
   5.4817779e-03
   6.6445924e-03
   6.6202651e-03
   7.0020972e-03
   6.9541516e-03
   8.1300943e-03
   8.7415856e-03
   1.1852595e-02
   1.4319264e-02
   1.6864880e-02
   1.9543387e-02
   2.0207533e-02
   2.1908194e-02
   2.2609469e-02
   2.3667732e-02
   2.3546139e-02
   2.4340108e-02
   2.3106377e-02
   2.5714305e-02
   2.4652338e-02
   2.5342409e-02
   2.5075365e-02
   2.4604830e-02
   2.7521965e-02
   2.6282843e-02
   2.5744560e-02
   2.6147802e-02
   2.6564188e-02
   2.7188801e-02
   2.5061547e-02
   2.5941450e-02
   2.5903617e-02
   2.3793271e-02
   2.4968198e-02
   2.4835469e-02
   2.5485646e-02
   2.4724778e-02
   2.4212948e-02
   2.3591451e-02
   2.2870779e-02
   2.2510008e-02
   2.2841266e-02
   2.2249006e-02
   2.1406116e-02
   2.0244986e-02
   1.9512126e-02
   1.8549593e-02
   1.7940949e-02
   1.7820442e-02
   1.5992132e-02
   1.4985498e-02
   1.2974141e-02
   1.0010427e-02
   8.1471170e-03
   4.6732068e-03
   5.2045664e-03
   3.6470984e-03
   3.1063653e-03
   1.9854936e-03
   2.8017551e-03
   1.1978082e-03
   1.2798306e-03
   1.2609193e-03
   1.5034515e-04
   2.0147017e-03
