   0.0000000e+00
   1.5338100e-06
   3.7658500e-06
   4.1092400e-06
   9.0426100e-07
   0.0000000e+00
   1.2407800e-05
   0.0000000e+00
   3.0790700e-06
   6.3985100e-06
   3.7658500e-06
   3.1935300e-06
   5.9406500e-06
   6.2268100e-06
   2.7471200e-07
   1.2007200e-05
   5.5400300e-06
   8.0009900e-06
   8.4016200e-06
   8.1154600e-06
   2.7356800e-06
   4.3381600e-06
   8.2299200e-06
   6.7991300e-06
   3.7658500e-06
   4.4526300e-06
   6.3412700e-06
   1.7055100e-06
   4.4526300e-06
   7.3714500e-06
   9.6607100e-06
   2.7356800e-06
   3.2507600e-06
   1.4239300e-05
   5.7117300e-06
   1.5269400e-05
   1.4639900e-05
   9.2600900e-06
   8.6305400e-06
   1.4182000e-05
   6.1123500e-06
   1.0118600e-05
   7.8293000e-06
   1.6070700e-05
   9.7179500e-06
   7.4859100e-06
   2.5628400e-05
   5.1966400e-06
   1.5498300e-05
   1.8474400e-05
   1.1320400e-05
   7.8865300e-06
   2.0305800e-05
   6.7991300e-06
   6.3985100e-06
   1.8531600e-05
   1.8588900e-05
   1.3266300e-05
   1.0061300e-05
   1.8932300e-05
   1.2236100e-05
   1.3895900e-05
   2.0878100e-05
   1.3266300e-05
   1.1377700e-05
   1.0462000e-05
   2.2251700e-05
   1.1835500e-05
   1.3094600e-05
   2.4312000e-05
   1.8932300e-05
   2.2709500e-05
   2.1908300e-05
   1.0977000e-05
   1.1091500e-05
   1.4239300e-05
   2.0248600e-05
   1.8989500e-05
   1.5784500e-05
   2.7974900e-05
   1.3323500e-05
   1.7272500e-05
   2.5742800e-05
   2.1793800e-05
   1.4124800e-05
   1.4296500e-05
   2.1965500e-05
   2.1679400e-05
   2.0134100e-05
   2.5170500e-05
   1.9619000e-05
   1.5383900e-05
   2.3739700e-05
   1.6929100e-05
   1.7730400e-05
   2.4197600e-05
   3.1065400e-05
   1.8417200e-05
   1.7043600e-05
   3.3240200e-05
   1.9848000e-05
   1.9619000e-05
   3.3640800e-05
   1.9447300e-05
   2.4655400e-05
   3.3011300e-05
   1.7959300e-05
   1.5670000e-05
   2.4598200e-05
   3.5300500e-05
   2.4140300e-05
   1.9561800e-05
   3.3354600e-05
   2.0134100e-05
   3.0321400e-05
   2.6658500e-05
   2.4769900e-05
   2.1622100e-05
   2.1450400e-05
   3.4270400e-05
   2.4197600e-05
   2.9176700e-05
   3.1294300e-05
   2.6830200e-05
   2.7402500e-05
   3.3927000e-05
   2.2652300e-05
   2.3739700e-05
   2.8432700e-05
   4.1538800e-05
   2.5170500e-05
   2.6029000e-05
   3.2896800e-05
   2.3968600e-05
   2.6143400e-05
   4.2912300e-05
   2.7574200e-05
   2.8661600e-05
   2.3224600e-05
   3.3640800e-05
   2.6429600e-05
   2.7402500e-05
   3.8677200e-05
   3.0206900e-05
   3.0950900e-05
   4.1309900e-05
   2.2080000e-05
   2.7517000e-05
   2.1736600e-05
   4.6174500e-05
   3.0893700e-05
   2.4025900e-05
   4.0737500e-05
   2.6715800e-05
   3.3640800e-05
   3.9306700e-05
   2.9119500e-05
   3.0722000e-05
   3.8333800e-05
   2.9691800e-05
   2.6315100e-05
   3.0779200e-05
   4.0852000e-05
   3.2954000e-05
   2.9749000e-05
   5.3328500e-05
   3.1179800e-05
   3.0378600e-05
   4.5487800e-05
   3.6387900e-05
   2.7345300e-05
   3.4384800e-05
   4.6517900e-05
   3.3469100e-05
   3.2610600e-05
   5.3671900e-05
   3.3583600e-05
   3.4041400e-05
   4.3713600e-05
   3.0206900e-05
   2.9348400e-05
   3.5643900e-05
   4.6403500e-05
   3.9993500e-05
   3.6330700e-05
   4.7433600e-05
   3.2610600e-05
   3.7246400e-05
   5.0238000e-05
   3.7990400e-05
   3.3640800e-05
   3.0149700e-05
   5.7048600e-05
   3.6330700e-05
   3.5586700e-05
   4.7719800e-05
   3.7704300e-05
   3.3011300e-05
   4.9780100e-05
   3.4384800e-05
   3.8219300e-05
   5.2699000e-05
   3.4327600e-05
   4.3427400e-05
   3.4327600e-05
   4.7834300e-05
   3.9192300e-05
   3.8562700e-05
   4.7090300e-05
   3.9650100e-05
   3.6101800e-05
   4.6975800e-05
   3.7074700e-05
   4.0508600e-05
   4.0451400e-05
   5.4473100e-05
   4.2282800e-05
   3.4442000e-05
   5.1955000e-05
   4.1538800e-05
   4.2053900e-05
   5.8536600e-05
   4.2454500e-05
   3.7647000e-05
   3.9478400e-05
   6.0883100e-05
   3.7647000e-05
   4.1653200e-05
   5.8536600e-05
   4.6517900e-05
   4.0222500e-05
   5.5675000e-05
   4.1367100e-05
   4.7548100e-05
   3.7990400e-05
   5.7506400e-05
   4.3427400e-05
   3.6731300e-05
   5.5903900e-05
   3.8391000e-05
   4.7319200e-05
   6.4431500e-05
   4.2282800e-05
   4.0222500e-05
   4.0623100e-05
   6.3859100e-05
   3.8848900e-05
   5.0810300e-05
   6.4545900e-05
   4.4400400e-05
   4.9150600e-05
   5.9624000e-05
   4.8692700e-05
   4.7719800e-05
   6.2943400e-05
   4.3942500e-05
   5.1210900e-05
   4.5602200e-05
   6.5976700e-05
   4.9951800e-05
   5.4358700e-05
   7.3302400e-05
   4.4686500e-05
   4.9551200e-05
   6.3859100e-05
   4.7433600e-05
   4.8006000e-05
   5.1897700e-05
   6.7636400e-05
   5.1840500e-05
   6.0482500e-05
   8.5149300e-05
   5.2699000e-05
   5.8994500e-05
   8.2860100e-05
   6.5518900e-05
   6.5976700e-05
   6.6949700e-05
   8.9270000e-05
   7.3817500e-05
   8.9842300e-05
   9.9571700e-05
   8.6294000e-05
   8.4348100e-05
   1.1336500e-04
   8.2001600e-05
   1.0546700e-04
   8.8869400e-05
   1.2698600e-04
   1.0380700e-04
   1.0346300e-04
   1.3185000e-04
   1.0832800e-04
   1.1319300e-04
   1.4678800e-04
   1.3047700e-04
   1.1513900e-04
   1.0483700e-04
   1.5205300e-04
   1.2698600e-04
   1.2790100e-04
   1.7105400e-04
   1.3093500e-04
   1.3408200e-04
   1.6756300e-04
   1.3059100e-04
   1.4518500e-04
   1.8393100e-04
   1.3385400e-04
   1.4936300e-04
   1.3957700e-04
   1.8181400e-04
   1.3929100e-04
   1.5422800e-04
   1.8387400e-04
   1.5892100e-04
   1.4890500e-04
   1.7654800e-04
   1.4169400e-04
   1.4964900e-04
   1.6132500e-04
   1.9938400e-04
   1.6664700e-04
   1.4936300e-04
   1.9434700e-04
   1.5005000e-04
   1.6939400e-04
   2.1500800e-04
   1.5966500e-04
   1.5777600e-04
   1.5005000e-04
   1.9864000e-04
   1.6206900e-04
   1.7523200e-04
   2.2147500e-04
   1.7425900e-04
   1.5937900e-04
   1.9343200e-04
   1.5045100e-04
   1.7471700e-04
   1.5680300e-04
   2.3149100e-04
   1.6098100e-04
   1.6996700e-04
   2.0035700e-04
   1.5686100e-04
   1.8450400e-04
   2.1855600e-04
   1.8238600e-04
   1.6653300e-04
   2.1483600e-04
   1.6327100e-04
   1.6332800e-04
   1.8358800e-04
   2.1369200e-04
   1.9635100e-04
   1.6350000e-04
   1.9434700e-04
   1.5451400e-04
   1.8387400e-04
   2.1821300e-04
   1.5817700e-04
   1.7797900e-04
   1.6733400e-04
   2.0030000e-04
   1.6538800e-04
   1.8158500e-04
   2.1867100e-04
   1.8158500e-04
   1.7683500e-04
   2.0207400e-04
   1.6475900e-04
   1.7385900e-04
   1.8210000e-04
   2.1981600e-04
   1.7351500e-04
   1.7156900e-04
   2.0430600e-04
   1.6292700e-04
   1.7311400e-04
   2.1540900e-04
   1.6767700e-04
   1.6092400e-04
   1.5319800e-04
   1.9440500e-04
   1.5863500e-04
   1.7071100e-04
   2.1775500e-04
   1.7403000e-04
   1.6390000e-04
   1.9789600e-04
   1.5502900e-04
   1.7986800e-04
   1.5857800e-04
   2.1769800e-04
   1.7225600e-04
   1.6046600e-04
   1.9085600e-04
   1.4936300e-04
   1.6710500e-04
   2.0379100e-04
   1.6550300e-04
   1.5680300e-04
   1.8152800e-04
   1.3940500e-04
   1.5474300e-04
   1.6149600e-04
   1.9612200e-04
   1.4661600e-04
   1.4964900e-04
   1.8032600e-04
   1.4329700e-04
   1.4856200e-04
   1.9961300e-04
   1.4203800e-04
   1.6453000e-04
   1.3728700e-04
   1.7666300e-04
   1.4301100e-04
   1.5182400e-04
   1.8101200e-04
   1.5337000e-04
   1.4558600e-04
   1.7002400e-04
   1.4352600e-04
   1.3167900e-04
   1.4701700e-04
   1.8925400e-04
   1.5285400e-04
   1.3820300e-04
   1.6968100e-04
   1.3539900e-04
   1.4364000e-04
   1.8879600e-04
   1.4238100e-04
   1.3551300e-04
   1.2938900e-04
   1.7460300e-04
   1.3156400e-04
   1.4180900e-04
   1.7775000e-04
   1.3917600e-04
   1.3499800e-04
   1.6928000e-04
   1.3059100e-04
   1.3808900e-04
   1.2011800e-04
   1.6533100e-04
   1.3614300e-04
   1.2876000e-04
   1.5829100e-04
   1.2280800e-04
   1.3064900e-04
   1.6029500e-04
   1.1290700e-04
   1.1147600e-04
   1.4787500e-04
   1.1307800e-04
   1.1754200e-04
   1.0924400e-04
   1.5760500e-04
   1.2257900e-04
   1.1159000e-04
   1.2784400e-04
   1.0712600e-04
   1.2372400e-04
   1.4226700e-04
   1.1027400e-04
   9.7740300e-05
   1.0615300e-04
   1.2898900e-04
   1.1038900e-04
   1.0867200e-04
   1.3717300e-04
   1.0907200e-04
   1.0478000e-04
   1.3236600e-04
   9.6023400e-05
   1.1382200e-04
   1.1880200e-04
   1.4083600e-04
   1.0832800e-04
   1.0409300e-04
   1.2429600e-04
   9.3848600e-05
   1.0077400e-04
   1.1903100e-04
   1.0266200e-04
   1.0163200e-04
   1.0289100e-04
   1.2509700e-04
   8.9956800e-05
   9.6538500e-05
   1.3482600e-04
   9.5737200e-05
   8.7095200e-05
   1.1279200e-04
   8.7667500e-05
   9.5393800e-05
   1.2881700e-04
   6.5747800e-05
   8.4634300e-05
   6.9525100e-05
   1.0025900e-04
   6.9238900e-05
   8.4977700e-05
   9.5680000e-05
   7.4790400e-05
   7.2787300e-05
   9.5680000e-05
   6.3515800e-05
   6.5404400e-05
   7.0040200e-05
   9.1158700e-05
   7.0440800e-05
   6.2199400e-05
   8.5836100e-05
   5.8708300e-05
   6.6949700e-05
   8.1887100e-05
   5.8937200e-05
   5.9280600e-05
   5.5560600e-05
   8.0570800e-05
   5.8880000e-05
   6.1512600e-05
   7.7652000e-05
   5.7792600e-05
   5.3786400e-05
   7.8796600e-05
   4.9951800e-05
   5.9051700e-05
   5.5961200e-05
   7.6106700e-05
   5.6705200e-05
   4.8635500e-05
   6.6949700e-05
   4.8406600e-05
   5.1497100e-05
   7.0498000e-05
   4.9207800e-05
   4.5545000e-05
   4.3656400e-05
   5.9967400e-05
   4.5945600e-05
   4.4629300e-05
   5.8364900e-05
   4.7376400e-05
   3.6674100e-05
   5.3271300e-05
   3.4671000e-05
   4.0966500e-05
   5.2641700e-05
   3.0092400e-05
   3.8791700e-05
   3.6903000e-05
   5.3099600e-05
   3.6616900e-05
   3.9478400e-05
   4.7376400e-05
   3.5186100e-05
   3.6616900e-05
   4.4915500e-05
   3.0321400e-05
   3.3869700e-05
   3.2095500e-05
   4.3026800e-05
   3.1523200e-05
   2.5170500e-05
   3.6845800e-05
   2.8547200e-05
   2.6773000e-05
   3.7761500e-05
   2.7974900e-05
   2.3339100e-05
   2.3339100e-05
   2.9119500e-05
   1.9218400e-05
   2.3224600e-05
   3.6559600e-05
   2.0592000e-05
   1.7387000e-05
   2.9291200e-05
   1.8932300e-05
   2.2824000e-05
   1.9504600e-05
   2.6429600e-05
   1.8131000e-05
   1.6356800e-05
   2.0076900e-05
   1.4811600e-05
   1.4296500e-05
   2.2995700e-05
   1.7558700e-05
   1.2407800e-05
   1.3666900e-05
   1.9561800e-05
   1.2636800e-05
   1.3380800e-05
   2.0820900e-05
   1.5784500e-05
   9.0884000e-06
   1.8417200e-05
   5.3111000e-06
   7.3714500e-06
   1.3609700e-05
   5.7117300e-06
   7.9437600e-06
   8.1154600e-06
   1.2636800e-05
   5.9978800e-06
   5.8834200e-06
   9.6607100e-06
   5.1966400e-06
   4.8532500e-06
   8.4588500e-06
   2.1061300e-06
   1.3621100e-06
   1.7055100e-06
   5.5400300e-06
   5.6544900e-06
   0.0000000e+00
   6.2268100e-06
   6.1810300e-07
   3.0790700e-06
   7.8979800e-07
   0.0000000e+00
   2.3350500e-06
   1.7627400e-06
   7.1425200e-06
   2.7929100e-06
   0.0000000e+00
   4.8532500e-06
   0.0000000e+00
   0.0000000e+00
   3.2507600e-06
   0.0000000e+00
   0.0000000e+00
   0.0000000e+00
   0.0000000e+00
   0.0000000e+00
   0.0000000e+00
   6.0551200e-06
   0.0000000e+00
   0.0000000e+00
   0.0000000e+00
   0.0000000e+00
   0.0000000e+00
   0.0000000e+00
   1.8772000e-06
   0.0000000e+00
   0.0000000e+00
   0.0000000e+00
   0.0000000e+00
   0.0000000e+00
   0.0000000e+00
   0.0000000e+00
   0.0000000e+00
   0.0000000e+00
   0.0000000e+00
   0.0000000e+00
   0.0000000e+00
   0.0000000e+00
   0.0000000e+00
   0.0000000e+00
   0.0000000e+00
   0.0000000e+00
   0.0000000e+00
   3.9947700e-06
   0.0000000e+00
   0.0000000e+00
   0.0000000e+00
   0.0000000e+00
   0.0000000e+00
   0.0000000e+00
   0.0000000e+00
   0.0000000e+00
   0.0000000e+00
   0.0000000e+00
   0.0000000e+00
   0.0000000e+00
   0.0000000e+00
   5.6087100e-07
   0.0000000e+00
   0.0000000e+00
   0.0000000e+00
   0.0000000e+00
   0.0000000e+00
   0.0000000e+00
   0.0000000e+00
   0.0000000e+00
   0.0000000e+00
   0.0000000e+00
   0.0000000e+00
   0.0000000e+00
   0.0000000e+00
   0.0000000e+00
   0.0000000e+00
   0.0000000e+00
   1.8199700e-06
   0.0000000e+00
   0.0000000e+00
   0.0000000e+00
   0.0000000e+00
   0.0000000e+00
   0.0000000e+00
   0.0000000e+00
   0.0000000e+00
   0.0000000e+00
   0.0000000e+00
   0.0000000e+00
   0.0000000e+00
   0.0000000e+00
   0.0000000e+00
   0.0000000e+00
   0.0000000e+00
   0.0000000e+00
   0.0000000e+00
   0.0000000e+00
   0.0000000e+00
   0.0000000e+00
   0.0000000e+00
   0.0000000e+00
   0.0000000e+00
   5.4828000e-06
   0.0000000e+00
   0.0000000e+00
   0.0000000e+00
   0.0000000e+00
   0.0000000e+00
   0.0000000e+00
   0.0000000e+00
   0.0000000e+00
   0.0000000e+00
   0.0000000e+00
   7.8293000e-06
   0.0000000e+00
   0.0000000e+00
   0.0000000e+00
   0.0000000e+00
   0.0000000e+00
   3.5369200e-06
   0.0000000e+00
   0.0000000e+00
   0.0000000e+00
   0.0000000e+00
   0.0000000e+00
   0.0000000e+00
   3.2507600e-06
   0.0000000e+00
   0.0000000e+00
   0.0000000e+00
   0.0000000e+00
   0.0000000e+00
   0.0000000e+00
   0.0000000e+00
   0.0000000e+00
   0.0000000e+00
   0.0000000e+00
   0.0000000e+00
   0.0000000e+00
   0.0000000e+00
   0.0000000e+00
   0.0000000e+00
   0.0000000e+00
   5.0363900e-07
   0.0000000e+00
   0.0000000e+00
   0.0000000e+00
   0.0000000e+00
   0.0000000e+00
   0.0000000e+00
   0.0000000e+00
   0.0000000e+00
   0.0000000e+00
   0.0000000e+00
   0.0000000e+00
   0.0000000e+00
   0.0000000e+00
   0.0000000e+00
   0.0000000e+00
   0.0000000e+00
   0.0000000e+00
   0.0000000e+00
   0.0000000e+00
   0.0000000e+00
   0.0000000e+00
   0.0000000e+00
   0.0000000e+00
   0.0000000e+00
   0.0000000e+00
   0.0000000e+00
   0.0000000e+00
   0.0000000e+00
   0.0000000e+00
   0.0000000e+00
   0.0000000e+00
   0.0000000e+00
   0.0000000e+00
   0.0000000e+00
   0.0000000e+00
   0.0000000e+00
   0.0000000e+00
   0.0000000e+00
   1.6482700e-06
   0.0000000e+00
   0.0000000e+00
   2.4495200e-06
   0.0000000e+00
   0.0000000e+00
   0.0000000e+00
   0.0000000e+00
   1.1904200e-06
   3.9375400e-06
   2.1633600e-06
   0.0000000e+00
   0.0000000e+00
   0.0000000e+00
   0.0000000e+00
   0.0000000e+00
   0.0000000e+00
   0.0000000e+00
   0.0000000e+00
   0.0000000e+00
   0.0000000e+00
   0.0000000e+00
   0.0000000e+00
   8.2871500e-06
   0.0000000e+00
   0.0000000e+00
   0.0000000e+00
   0.0000000e+00
   4.6243200e-06
   0.0000000e+00
   2.1748100e-07
   0.0000000e+00
   0.0000000e+00
   0.0000000e+00
   0.0000000e+00
   0.0000000e+00
   0.0000000e+00
   1.7055100e-06
   0.0000000e+00
   0.0000000e+00
   0.0000000e+00
   0.0000000e+00
   8.4702900e-07
   0.0000000e+00
   0.0000000e+00
   0.0000000e+00
   0.0000000e+00
   0.0000000e+00
   0.0000000e+00
   0.0000000e+00
   0.0000000e+00
   0.0000000e+00
   0.0000000e+00
   0.0000000e+00
   0.0000000e+00
   0.0000000e+00
   0.0000000e+00
   0.0000000e+00
   5.4828000e-06
   0.0000000e+00
   0.0000000e+00
   1.4193500e-06
   0.0000000e+00
   2.9646000e-06
   0.0000000e+00
   7.3256600e-07
   5.0363900e-07
   2.1061300e-06
   0.0000000e+00
   0.0000000e+00
   1.1263200e-05
   0.0000000e+00
   0.0000000e+00
   0.0000000e+00
   0.0000000e+00
   3.9375400e-06
   2.3922900e-06
   2.4495200e-06
   0.0000000e+00
   1.5910400e-06
   0.0000000e+00
   0.0000000e+00
   3.3652200e-06
   1.9733500e-05
   0.0000000e+00
   5.2538700e-06
   7.9437600e-06
   0.0000000e+00
   0.0000000e+00
   0.0000000e+00
   1.6185100e-05
   5.6087100e-07
   0.0000000e+00
   4.4640700e-07
   2.3922900e-06
   4.9104800e-06
   8.3443800e-06
   0.0000000e+00
   2.5639800e-06
   0.0000000e+00
   0.0000000e+00
   0.0000000e+00
   0.0000000e+00
   1.3838600e-05
   0.0000000e+00
   2.9073700e-06
   2.5639800e-06
   4.9677100e-06
   0.0000000e+00
   2.0878100e-05
   6.1810300e-07
   0.0000000e+00
   0.0000000e+00
   1.1950000e-05
   0.0000000e+00
   0.0000000e+00
   1.4983300e-05
   0.0000000e+00
   0.0000000e+00
   0.0000000e+00
   1.7387000e-05
   5.4828000e-06
   0.0000000e+00
   1.0061300e-05
   0.0000000e+00
   1.6585800e-05
   0.0000000e+00
   0.0000000e+00
   9.0426100e-07
   1.3953100e-05
   3.4796900e-06
   0.0000000e+00
   5.4828000e-06
   8.3443800e-06
   0.0000000e+00
   1.3151800e-05
   1.9962400e-05
   1.8199700e-06
   0.0000000e+00
   2.7356800e-06
   0.0000000e+00
   0.0000000e+00
   0.0000000e+00
   2.0706400e-05
   1.4193500e-06
   0.0000000e+00
   5.3111000e-06
   0.0000000e+00
   7.7148400e-06
   1.0462000e-05
   8.1726900e-06
   3.3194400e-07
   6.3412700e-06
   2.6212100e-06
   1.7627400e-06
   1.0175800e-05
   7.7148400e-06
   1.6185100e-05
   4.7960200e-06
   0.0000000e+00
   4.0520100e-06
   0.0000000e+00
   1.9332900e-05
   0.0000000e+00
   0.0000000e+00
   0.0000000e+00
   0.0000000e+00
   2.2778200e-06
   3.9375400e-06
   3.0493100e-05
   7.3142100e-06
   1.5910400e-06
   6.2268100e-06
   0.0000000e+00
   7.0280500e-06
   0.0000000e+00
   4.2809300e-06
   0.0000000e+00
   0.0000000e+00
   0.0000000e+00
   0.0000000e+00
   0.0000000e+00
   1.6986400e-05
   3.3079900e-06
   2.8501400e-06
   1.7627400e-06
   0.0000000e+00
   0.0000000e+00
   1.6024900e-07
   3.8391000e-05
   1.1331900e-06
   6.5129700e-06
   1.8760600e-05
   1.1663800e-05
   8.7450100e-06
   1.7844800e-05
