   7.8050163e-03
   7.7016018e-03
   7.4695067e-03
   6.6471319e-03
   7.4945725e-03
   7.6316727e-03
   7.9464263e-03
   7.8748116e-03
   8.6696644e-03
   7.5328786e-03
   8.0091862e-03
   7.6177517e-03
   7.8808830e-03
   7.7081597e-03
   7.4222946e-03
   8.3822564e-03
   8.2050628e-03
   8.4125625e-03
   8.3565706e-03
   8.3746502e-03
   8.4328142e-03
   1.0313971e-02
   1.0157239e-02
   1.1404878e-02
   1.3024128e-02
   1.3456595e-02
   1.4244455e-02
   1.4419074e-02
   1.5957835e-02
   1.5178312e-02
   1.6338746e-02
   1.4562514e-02
   1.7689463e-02
   1.6805989e-02
   1.7412144e-02
   1.6542808e-02
   1.5259194e-02
   1.8764899e-02
   1.8184237e-02
   1.7548732e-02
   1.7183797e-02
   1.8041276e-02
   1.8364174e-02
   1.7067872e-02
   1.7362199e-02
   1.7549405e-02
   1.6522114e-02
   1.6697579e-02
   1.7036712e-02
   1.8334322e-02
   1.9484723e-02
   1.8673316e-02
   1.8231155e-02
   1.7984930e-02
   1.7946665e-02
   1.8764613e-02
   1.8405388e-02
   1.8293588e-02
   1.7990834e-02
   1.7857868e-02
   1.7465922e-02
   1.7118134e-02
   1.7470022e-02
   1.6696050e-02
   1.7172207e-02
   1.6435334e-02
   1.4650850e-02
   1.3879293e-02
   1.1797891e-02
   1.1566114e-02
   9.8963991e-03
   8.9708018e-03
   7.9985718e-03
   9.7317937e-03
   7.6408155e-03
   7.4926194e-03
   5.6359507e-03
   7.4596044e-03
   6.7321900e-03
   9.4289301e-03
   6.8056596e-03
   6.1891912e-03
   7.2672003e-03
   7.3092147e-03
   6.0677976e-03
   5.5604377e-03
   2.9319520e-03
   7.7718543e-03
   2.6378441e-03
   3.7903868e-03
   7.3944494e-03
   2.0130143e-03
   1.7100932e-03
   4.5814328e-03
   6.4700868e-03
   4.1224754e-03
   1.4919530e-03
   3.2159231e-03
   4.1640538e-03
   3.3969518e-03
