   3.3890000e+03
   3.6050000e+03
   5.6760000e+03
   3.2480000e+03
   3.8490000e+03
   3.3390000e+03
   4.6160000e+03
   5.2970000e+03
   3.5290000e+03
   4.2530000e+03
   3.1320000e+03
   4.6700000e+03
   4.4000000e+03
   4.2900000e+03
   3.8110000e+03
   4.0830000e+03
   4.1740000e+03
   5.9170000e+03
   4.3120000e+03
   3.3550000e+03
   4.5390000e+03
   3.4750000e+03
   5.4490000e+03
   3.4170000e+03
   4.1130000e+03
   3.3540000e+03
   3.2560000e+03
   6.1330000e+03
   3.9680000e+03
   4.6170000e+03
   3.2130000e+03
   4.1850000e+03
   6.1640000e+03
   4.0930000e+03
   4.4140000e+03
   3.0610000e+03
   4.1040000e+03
   4.5180000e+03
   4.4840000e+03
   5.8080000e+03
   5.1100000e+03
   3.0060000e+03
   3.9630000e+03
   5.0160000e+03
   4.5960000e+03
   4.6420000e+03
   4.4360000e+03
   4.2480000e+03
   4.5940000e+03
   5.0110000e+03
   4.6300000e+03
   3.7920000e+03
   5.7530000e+03
   3.2030000e+03
   4.0980000e+03
   4.2730000e+03
   3.8680000e+03
   3.3090000e+03
   4.4610000e+03
   3.1670000e+03
   4.1400000e+03
   4.3380000e+03
   3.2890000e+03
   4.0620000e+03
   2.9140000e+03
   4.6350000e+03
   3.8360000e+03
   4.1640000e+03
   4.5360000e+03
   3.9480000e+03
   3.9840000e+03
   3.1700000e+03
   4.9560000e+03
   3.2680000e+03
   4.7240000e+03
   3.7500000e+03
   2.8950000e+03
   5.2810000e+03
   4.9250000e+03
   4.0390000e+03
   3.3180000e+03
   4.6910000e+03
   3.7550000e+03
   4.5170000e+03
   4.1320000e+03
   3.7110000e+03
   5.0720000e+03
   3.3760000e+03
   4.0710000e+03
   3.5060000e+03
   6.2900000e+03
   3.7350000e+03
   4.2240000e+03
   3.4780000e+03
   3.2050000e+03
   4.7100000e+03
   3.6450000e+03
   4.0250000e+03
   3.5130000e+03
   3.9170000e+03
   2.9170000e+03
   3.1480000e+03
   4.3810000e+03
   4.9500000e+03
   6.2400000e+03
   3.0820000e+03
   4.2410000e+03
   3.2480000e+03
   4.9270000e+03
   2.9350000e+03
   3.8770000e+03
   4.2350000e+03
   3.0120000e+03
   5.5280000e+03
   3.9340000e+03
   3.9860000e+03
   3.5430000e+03
   5.1960000e+03
   3.2070000e+03
   3.3560000e+03
   4.6750000e+03
   3.5660000e+03
   4.9480000e+03
   4.3950000e+03
   5.0290000e+03
   3.3490000e+03
   3.9070000e+03
   3.4330000e+03
   3.2010000e+03
   5.0560000e+03
   3.2620000e+03
   3.9050000e+03
   4.4910000e+03
   4.7630000e+03
   3.1740000e+03
   3.8250000e+03
   4.8580000e+03
   3.9330000e+03
   3.8970000e+03
   3.8850000e+03
   5.1010000e+03
   2.9720000e+03
   5.3700000e+03
   3.5690000e+03
   4.5170000e+03
   5.8330000e+03
   3.9180000e+03
   4.4330000e+03
   3.7400000e+03
   4.6780000e+03
   3.6340000e+03
   4.0800000e+03
   3.2990000e+03
   3.0770000e+03
   4.0520000e+03
   4.1230000e+03
   5.1650000e+03
   3.5820000e+03
   3.8700000e+03
   3.9490000e+03
   4.2490000e+03
   4.4070000e+03
   3.5780000e+03
   4.6390000e+03
   3.3240000e+03
   4.5950000e+03
   3.2600000e+03
   4.2300000e+03
   4.3960000e+03
   3.5770000e+03
   4.5790000e+03
   3.0710000e+03
   3.9960000e+03
   4.9390000e+03
   4.1530000e+03
   3.9110000e+03
   5.7880000e+03
   3.2140000e+03
   3.3900000e+03
   5.3310000e+03
   3.0080000e+03
   5.5780000e+03
   3.5690000e+03
   4.1120000e+03
   3.2470000e+03
   3.9560000e+03
   3.7450000e+03
   4.1910000e+03
   4.5660000e+03
   3.2170000e+03
   4.1590000e+03
   4.6700000e+03
   4.2000000e+03
   3.4190000e+03
   3.2310000e+03
   4.7940000e+03
   3.3820000e+03
   4.3570000e+03
   4.7430000e+03
   4.1600000e+03
   3.7430000e+03
   6.2350000e+03
   3.7020000e+03
   3.3420000e+03
   4.5170000e+03
   3.6310000e+03
   5.9050000e+03
   3.9420000e+03
   5.1360000e+03
   3.7290000e+03
   5.3590000e+03
   4.8300000e+03
   4.1300000e+03
   5.6810000e+03
   4.0800000e+03
   5.0300000e+03
   4.4810000e+03
   6.5300000e+03
   3.8980000e+03
   5.6990000e+03
   5.3010000e+03
   3.7650000e+03
   5.0090000e+03
   4.8210000e+03
   5.2020000e+03
   4.7380000e+03
   6.5840000e+03
   4.6810000e+03
   4.5350000e+03
   5.8140000e+03
   4.0570000e+03
   6.4240000e+03
   4.4670000e+03
   6.9460000e+03
   5.0280000e+03
   6.7220000e+03
   5.6430000e+03
   4.8470000e+03
   6.5810000e+03
   6.8620000e+03
   5.8890000e+03
   5.4720000e+03
   7.0130000e+03
   5.4300000e+03
   7.8420000e+03
   5.4050000e+03
   6.6910000e+03
   6.9380000e+03
   7.5600000e+03
   7.4150000e+03
   5.9780000e+03
   7.1100000e+03
   5.6470000e+03
   7.1520000e+03
   6.1890000e+03
   6.3450000e+03
   7.8060000e+03
   6.2770000e+03
   9.1650000e+03
   5.8670000e+03
   7.6910000e+03
   6.0670000e+03
   5.8060000e+03
   8.8100000e+03
   6.9900000e+03
   6.5210000e+03
   6.9150000e+03
   8.0310000e+03
   4.9780000e+03
   8.0420000e+03
   6.3350000e+03
   5.1000000e+03
   5.8640000e+03
   5.5760000e+03
   7.1360000e+03
   6.1850000e+03
   8.3390000e+03
   6.3130000e+03
   9.0290000e+03
   5.6930000e+03
   5.6770000e+03
   7.7890000e+03
   5.6450000e+03
   8.5130000e+03
   5.7880000e+03
   7.6280000e+03
   5.9260000e+03
   7.8550000e+03
   7.3830000e+03
   6.0970000e+03
   8.3040000e+03
   6.2460000e+03
   8.0210000e+03
   6.9730000e+03
   8.5340000e+03
   6.4770000e+03
   6.4280000e+03
   8.3500000e+03
   7.1700000e+03
   7.0630000e+03
   5.8490000e+03
   6.8980000e+03
   6.5770000e+03
   8.0000000e+03
   5.3270000e+03
   5.8170000e+03
   9.1550000e+03
   5.0700000e+03
   8.2800000e+03
   6.9950000e+03
   7.4880000e+03
   5.5230000e+03
   8.8270000e+03
   6.5060000e+03
   7.5260000e+03
   8.1150000e+03
   6.3320000e+03
   9.0720000e+03
   7.2830000e+03
   8.1900000e+03
   6.8400000e+03
   9.8600000e+03
   6.4190000e+03
   6.5020000e+03
   8.7470000e+03
   7.3280000e+03
   9.7840000e+03
   6.4660000e+03
   8.2350000e+03
   6.1180000e+03
   7.0710000e+03
   7.2720000e+03
   7.3320000e+03
   9.5650000e+03
   6.0690000e+03
   1.0389000e+04
   6.2590000e+03
   8.0520000e+03
   7.4330000e+03
   5.7490000e+03
   7.0440000e+03
   5.9950000e+03
   8.0590000e+03
   5.9700000e+03
   1.0759000e+04
   7.1940000e+03
   8.5500000e+03
   6.4800000e+03
   5.9040000e+03
   8.0240000e+03
   7.0370000e+03
   7.9270000e+03
   6.8280000e+03
   7.7960000e+03
   7.8240000e+03
   6.0790000e+03
   9.0770000e+03
   5.8520000e+03
   8.9270000e+03
   7.0540000e+03
   8.1870000e+03
   6.2140000e+03
   8.4770000e+03
   5.4260000e+03
   5.8090000e+03
   7.8440000e+03
   6.5450000e+03
   9.8810000e+03
   6.2780000e+03
   7.8840000e+03
   7.2670000e+03
   9.1910000e+03
   6.7530000e+03
   7.1380000e+03
   1.0169000e+04
   5.6210000e+03
   7.0270000e+03
   8.0890000e+03
   7.6270000e+03
   6.6030000e+03
   9.7860000e+03
   5.9680000e+03
   7.4010000e+03
   1.0123000e+04
   6.0410000e+03
   7.3470000e+03
   6.7680000e+03
   9.8540000e+03
   7.0630000e+03
   6.0430000e+03
   8.8300000e+03
   7.6600000e+03
   8.3900000e+03
   7.4940000e+03
   1.0627000e+04
   7.5630000e+03
   8.8140000e+03
   8.1660000e+03
   6.5500000e+03
   1.2738000e+04
   1.0703000e+04
   8.4340000e+03
   1.0836000e+04
   9.2490000e+03
   6.7930000e+03
   9.3400000e+03
   7.1680000e+03
   5.8000000e+03
   9.4650000e+03
   8.1300000e+03
   9.1660000e+03
   6.4480000e+03
   8.3820000e+03
   6.4070000e+03
   9.1990000e+03
   7.4010000e+03
   7.0600000e+03
   1.0089000e+04
   8.4330000e+03
   8.0790000e+03
   8.3600000e+03
   8.9650000e+03
   6.4820000e+03
   7.8730000e+03
   1.0532000e+04
   7.2490000e+03
   1.0114000e+04
   8.4890000e+03
   9.7550000e+03
   7.1880000e+03
   7.8250000e+03
   6.4850000e+03
   8.7020000e+03
   8.0160000e+03
   8.0360000e+03
   1.0594000e+04
   7.9890000e+03
   8.8650000e+03
   7.5940000e+03
   1.1876000e+04
   6.5840000e+03
   7.3790000e+03
   1.0651000e+04
   7.5090000e+03
   1.0064000e+04
   6.5660000e+03
   8.4900000e+03
   8.9200000e+03
   9.1250000e+03
   6.8750000e+03
   8.5360000e+03
   1.1341000e+04
   8.6470000e+03
   9.0400000e+03
   7.7440000e+03
   1.0042000e+04
   9.8090000e+03
   7.4660000e+03
   1.2424000e+04
   9.1600000e+03
   9.2760000e+03
   8.5660000e+03
   1.3096000e+04
   6.4010000e+03
   1.0354000e+04
   9.2660000e+03
   6.7500000e+03
   1.0965000e+04
   7.7840000e+03
   1.0253000e+04
   7.3120000e+03
   8.8560000e+03
   5.3720000e+03
   8.7700000e+03
   6.2270000e+03
   7.8730000e+03
   7.8370000e+03
   5.9470000e+03
   7.3580000e+03
   5.8390000e+03
   7.9430000e+03
   5.8470000e+03
   7.6840000e+03
   6.2910000e+03
   5.3080000e+03
   7.2550000e+03
   5.8350000e+03
   7.3510000e+03
   6.4100000e+03
   9.1030000e+03
   5.3140000e+03
   7.4990000e+03
   7.9440000e+03
   5.5350000e+03
   8.0330000e+03
   6.1230000e+03
   7.2410000e+03
   5.8870000e+03
   7.4090000e+03
   6.2680000e+03
   6.1650000e+03
   8.0510000e+03
   5.5260000e+03
   7.5500000e+03
   6.3090000e+03
   7.5670000e+03
   7.3330000e+03
   7.1770000e+03
   5.4630000e+03
   5.9600000e+03
   9.0450000e+03
   5.3750000e+03
   7.2560000e+03
   7.1360000e+03
   8.3720000e+03
   6.3380000e+03
   7.6860000e+03
   7.2750000e+03
   6.1130000e+03
   7.5240000e+03
   6.0530000e+03
   9.0760000e+03
   5.3780000e+03
   9.1790000e+03
   6.5420000e+03
   5.3420000e+03
   7.0560000e+03
   5.9800000e+03
   7.6560000e+03
   6.7440000e+03
   7.0610000e+03
   5.6200000e+03
   8.7690000e+03
   6.8100000e+03
   5.5130000e+03
   7.0960000e+03
   5.9830000e+03
   7.8810000e+03
   7.4930000e+03
   6.9290000e+03
   5.7000000e+03
   7.8860000e+03
   7.2240000e+03
   5.8960000e+03
   1.0246000e+04
   6.1200000e+03
   7.9960000e+03
   5.7120000e+03
   7.1550000e+03
   7.4000000e+03
   6.9410000e+03
   7.8670000e+03
   7.0520000e+03
   7.0770000e+03
   6.7310000e+03
   8.1690000e+03
   6.1590000e+03
   7.9810000e+03
   5.7480000e+03
   6.8190000e+03
   7.7650000e+03
   5.5110000e+03
   8.5340000e+03
   7.3640000e+03
   7.3020000e+03
   6.4070000e+03
   8.8960000e+03
   5.3340000e+03
   6.6090000e+03
   7.4560000e+03
   5.5470000e+03
   9.2830000e+03
   7.0510000e+03
   8.1100000e+03
   6.3310000e+03
   8.3250000e+03
   5.5600000e+03
   6.5550000e+03
   7.8130000e+03
   5.5370000e+03
   6.6720000e+03
   5.4780000e+03
   7.3990000e+03
   5.7220000e+03
   5.3940000e+03
   9.1000000e+03
   5.4300000e+03
   8.2990000e+03
   6.0650000e+03
   6.9100000e+03
   7.8440000e+03
   9.1520000e+03
   7.1260000e+03
   6.0000000e+03
   8.3930000e+03
   7.5460000e+03
   7.3700000e+03
   5.6810000e+03
   8.9480000e+03
   5.2510000e+03
   7.2800000e+03
   5.5030000e+03
   5.5180000e+03
   6.8500000e+03
   6.8910000e+03
   6.8900000e+03
   7.9080000e+03
   7.0870000e+03
   5.5170000e+03
   7.5610000e+03
   6.2910000e+03
   5.3730000e+03
   8.5650000e+03
   5.6430000e+03
   8.4030000e+03
   5.5350000e+03
   7.5930000e+03
   5.9970000e+03
   6.5250000e+03
   8.2920000e+03
   7.3580000e+03
   7.1350000e+03
   5.5830000e+03
   6.9800000e+03
   5.6890000e+03
   7.5240000e+03
   5.6850000e+03
   5.3240000e+03
   8.1340000e+03
   5.5400000e+03
   8.9740000e+03
   5.6140000e+03
   8.0130000e+03
   5.1590000e+03
   9.0840000e+03
   5.1590000e+03
   6.5800000e+03
   6.4470000e+03
   4.7400000e+03
   7.3590000e+03
   6.5840000e+03
   6.1960000e+03
   5.1520000e+03
   1.0412000e+04
   5.8500000e+03
   4.8010000e+03
   7.6390000e+03
   6.7890000e+03
   6.0850000e+03
   5.8540000e+03
   7.0710000e+03
   5.0020000e+03
   6.8900000e+03
   6.4170000e+03
   6.8000000e+03
   6.1580000e+03
   5.4920000e+03
   6.4090000e+03
   3.6860000e+03
   7.1610000e+03
   4.1320000e+03
   3.9460000e+03
   8.4290000e+03
   4.3980000e+03
   5.6670000e+03
   5.9050000e+03
   6.9290000e+03
   6.8590000e+03
   5.2630000e+03
   4.1830000e+03
   4.9530000e+03
   7.2980000e+03
   5.4480000e+03
   5.5150000e+03
   3.8320000e+03
   5.9720000e+03
   4.6780000e+03
   5.8200000e+03
   5.1050000e+03
   5.2470000e+03
   6.2940000e+03
   6.6420000e+03
   4.5000000e+03
   6.6160000e+03
   7.3350000e+03
   4.6740000e+03
   4.3120000e+03
   5.6900000e+03
   4.1100000e+03
   8.0400000e+03
   4.4690000e+03
   7.2060000e+03
   5.7770000e+03
   7.7530000e+03
   4.5550000e+03
   4.6750000e+03
   7.0600000e+03
   4.4440000e+03
   7.9270000e+03
   5.8160000e+03
   7.4660000e+03
   5.0270000e+03
   6.9340000e+03
   3.7620000e+03
   4.1700000e+03
   6.6410000e+03
   6.8710000e+03
   6.1870000e+03
   5.7740000e+03
   4.6790000e+03
   5.5070000e+03
   4.6730000e+03
   4.4190000e+03
   4.8370000e+03
   4.6230000e+03
   3.9420000e+03
   6.2030000e+03
   3.3690000e+03
   5.4200000e+03
   4.9460000e+03
   5.9100000e+03
   7.6880000e+03
   4.5250000e+03
   4.2040000e+03
   6.1400000e+03
   5.5070000e+03
   4.0230000e+03
   7.5020000e+03
   3.4680000e+03
   3.7440000e+03
   6.7140000e+03
   5.0740000e+03
   4.9080000e+03
   6.6450000e+03
   5.4320000e+03
   3.8410000e+03
   4.8430000e+03
   3.5370000e+03
   5.0070000e+03
   4.1490000e+03
   4.8520000e+03
   4.6580000e+03
   6.0890000e+03
   4.6800000e+03
   3.5760000e+03
   6.3630000e+03
   6.5170000e+03
   3.2420000e+03
   7.4990000e+03
   3.5870000e+03
   6.4540000e+03
   7.8980000e+03
   5.3790000e+03
   4.1360000e+03
   4.9510000e+03
   5.1530000e+03
   4.1270000e+03
   7.5740000e+03
   5.6920000e+03
   4.3970000e+03
   3.9100000e+03
   5.2640000e+03
   5.0390000e+03
   5.3040000e+03
   7.2430000e+03
   4.7190000e+03
   9.0960000e+03
   7.3900000e+03
   4.9280000e+03
   3.8160000e+03
   6.1940000e+03
   5.0800000e+03
   4.1920000e+03
   4.8330000e+03
   5.5850000e+03
   7.1660000e+03
   4.7800000e+03
   5.9440000e+03
   4.6500000e+03
   4.1780000e+03
   7.5110000e+03
   4.6640000e+03
   3.9840000e+03
   5.3860000e+03
   7.4290000e+03
   6.0320000e+03
   8.8630000e+03
   5.1890000e+03
   4.1880000e+03
   9.4540000e+03
   5.2150000e+03
   6.4570000e+03
   5.3270000e+03
   9.3870000e+03
   4.1940000e+03
   5.2090000e+03
   4.9950000e+03
   3.6220000e+03
   9.3370000e+03
   4.9590000e+03
   4.5690000e+03
   4.8550000e+03
   8.1080000e+03
   5.2590000e+03
   8.4020000e+03
   4.2220000e+03
   5.0320000e+03
   9.3000000e+03
   5.0350000e+03
   4.9960000e+03
   6.2400000e+03
   8.0610000e+03
   4.7090000e+03
   4.5850000e+03
   8.1330000e+03
   3.9780000e+03
   8.4420000e+03
   4.0790000e+03
   7.8950000e+03
   4.8350000e+03
   1.2874000e+04
   8.0310000e+03
   7.7790000e+03
   5.9850000e+03
   7.2290000e+03
   5.8630000e+03
   6.2420000e+03
   5.8630000e+03
   3.8770000e+03
   8.8180000e+03
   7.5220000e+03
   6.7360000e+03
   5.0300000e+03
   6.2890000e+03
   5.7890000e+03
   6.0840000e+03
   5.5900000e+03
   7.6790000e+03
   5.8820000e+03
   1.0688000e+04
   4.5540000e+03
   7.5730000e+03
   4.4570000e+03
   7.6000000e+03
   5.5930000e+03
   7.8440000e+03
   6.2420000e+03
   5.9990000e+03
   9.5270000e+03
   5.3030000e+03
   6.9070000e+03
   8.0820000e+03
   7.0590000e+03
   3.6590000e+03
   6.0460000e+03
   5.1780000e+03
   8.4700000e+03
   9.5460000e+03
   6.0290000e+03
   6.8870000e+03
   5.0530000e+03
   8.9590000e+03
   4.7600000e+03
   8.1240000e+03
   6.1990000e+03
   8.1280000e+03
   8.3180000e+03
   4.3980000e+03
   8.3130000e+03
   7.5350000e+03
   8.6360000e+03
   6.6840000e+03
   8.9670000e+03
   5.9330000e+03
   4.2410000e+03
   7.1580000e+03
   8.8030000e+03
   4.6200000e+03
   5.4180000e+03
   1.2195000e+04
   3.6540000e+03
   6.8980000e+03
   6.7080000e+03
   6.7170000e+03
   9.0400000e+03
   6.8360000e+03
   1.0029000e+04
   7.8610000e+03
   7.9670000e+03
   9.2480000e+03
   5.0470000e+03
   7.6230000e+03
   5.1790000e+03
   1.3273000e+04
   6.7770000e+03
   6.5110000e+03
   7.0950000e+03
   8.6770000e+03
   4.9020000e+03
   5.9460000e+03
   6.5860000e+03
   8.7180000e+03
   8.0960000e+03
   6.5460000e+03
   6.5030000e+03
   4.5230000e+03
   7.6540000e+03
   1.3964000e+04
   5.6540000e+03
   7.0370000e+03
   3.7640000e+03
   1.3487000e+04
   5.6020000e+03
   8.4700000e+03
   5.6430000e+03
   8.2980000e+03
   9.5990000e+03
   8.5740000e+03
   7.9270000e+03
   8.8850000e+03
   8.6120000e+03
   6.4090000e+03
   5.7700000e+03
   4.7400000e+03
   5.9440000e+03
   8.0690000e+03
   5.8150000e+03
   6.9770000e+03
   6.1440000e+03
   1.0839000e+04
   6.5430000e+03
   1.0303000e+04
   6.9860000e+03
   8.8890000e+03
   1.0549000e+04
   6.6590000e+03
   8.6900000e+03
   1.0667000e+04
   1.0043000e+04
   8.5240000e+03
   8.1570000e+03
   7.9250000e+03
   5.0420000e+03
   7.3530000e+03
   0.0000000e+00
   0.0000000e+00
   0.0000000e+00
   0.0000000e+00
   0.0000000e+00
   0.0000000e+00
   0.0000000e+00
   0.0000000e+00
   0.0000000e+00
   0.0000000e+00
   0.0000000e+00
   0.0000000e+00
   0.0000000e+00
   0.0000000e+00
   0.0000000e+00
   0.0000000e+00
   0.0000000e+00
   0.0000000e+00
   0.0000000e+00
   0.0000000e+00
   0.0000000e+00
   0.0000000e+00
   0.0000000e+00
   0.0000000e+00
   0.0000000e+00
   0.0000000e+00
   0.0000000e+00
   0.0000000e+00
   0.0000000e+00
   0.0000000e+00
   0.0000000e+00
   0.0000000e+00
   0.0000000e+00
   0.0000000e+00
   0.0000000e+00
   0.0000000e+00
   0.0000000e+00
   0.0000000e+00
   0.0000000e+00
   0.0000000e+00
   0.0000000e+00
   0.0000000e+00
   0.0000000e+00
   0.0000000e+00
   0.0000000e+00
   0.0000000e+00
   0.0000000e+00
   0.0000000e+00
   0.0000000e+00
   0.0000000e+00
   0.0000000e+00
   0.0000000e+00
   0.0000000e+00
   0.0000000e+00
   0.0000000e+00
   1.0000000e+00
