  -5.2847100e+03
  -5.2741300e+03
  -5.2635500e+03
  -5.2529700e+03
  -5.2423900e+03
  -5.2318100e+03
  -5.2212300e+03
  -5.2106500e+03
  -5.2000700e+03
  -5.1894900e+03
  -5.1789100e+03
  -5.1683300e+03
  -5.1577500e+03
  -5.1471700e+03
  -5.1365900e+03
  -5.1260100e+03
  -5.1154300e+03
  -5.1048500e+03
  -5.0942700e+03
  -5.0836900e+03
  -5.0731100e+03
  -5.0625300e+03
  -5.0519500e+03
  -5.0413700e+03
  -5.0307900e+03
  -5.0202100e+03
  -5.0096300e+03
  -4.9990500e+03
  -4.9884700e+03
  -4.9778900e+03
  -4.9673100e+03
  -4.9567300e+03
  -4.9461500e+03
  -4.9355700e+03
  -4.9249900e+03
  -4.9144100e+03
  -4.9038300e+03
  -4.8932500e+03
  -4.8826700e+03
  -4.8720900e+03
  -4.8615100e+03
  -4.8509300e+03
  -4.8403500e+03
  -4.8297700e+03
  -4.8191900e+03
  -4.8086100e+03
  -4.7980300e+03
  -4.7874500e+03
  -4.7768700e+03
  -4.7662900e+03
  -4.7557100e+03
  -4.7451300e+03
  -4.7345500e+03
  -4.7239700e+03
  -4.7133900e+03
  -4.7028100e+03
  -4.6922300e+03
  -4.6816500e+03
  -4.6710700e+03
  -4.6604900e+03
  -4.6499100e+03
  -4.6393300e+03
  -4.6287500e+03
  -4.6181700e+03
  -4.6075900e+03
  -4.5970100e+03
  -4.5864300e+03
  -4.5758500e+03
  -4.5652700e+03
  -4.5546900e+03
  -4.5441100e+03
  -4.5335300e+03
  -4.5229500e+03
  -4.5123700e+03
  -4.5017900e+03
  -4.4912100e+03
  -4.4806300e+03
  -4.4700500e+03
  -4.4594700e+03
  -4.4488900e+03
  -4.4383100e+03
  -4.4277300e+03
  -4.4171500e+03
  -4.4065700e+03
  -4.3959900e+03
  -4.3854100e+03
  -4.3748300e+03
  -4.3642500e+03
  -4.3536700e+03
  -4.3430900e+03
  -4.3325100e+03
  -4.3219300e+03
  -4.3113500e+03
  -4.3007700e+03
  -4.2901900e+03
  -4.2796100e+03
  -4.2690300e+03
  -4.2584500e+03
  -4.2478700e+03
  -4.2372900e+03
  -4.2267100e+03
  -4.2161300e+03
  -4.2055500e+03
  -4.1949700e+03
  -4.1843900e+03
  -4.1738100e+03
  -4.1632300e+03
  -4.1526500e+03
  -4.1420700e+03
  -4.1314900e+03
  -4.1209100e+03
  -4.1103300e+03
  -4.0997500e+03
  -4.0891700e+03
  -4.0785900e+03
  -4.0680100e+03
  -4.0574300e+03
  -4.0468500e+03
  -4.0362700e+03
  -4.0256900e+03
  -4.0151100e+03
  -4.0045300e+03
  -3.9939500e+03
  -3.9833700e+03
  -3.9727900e+03
  -3.9622100e+03
  -3.9516300e+03
  -3.9410500e+03
  -3.9304700e+03
  -3.9198900e+03
  -3.9093100e+03
  -3.8987300e+03
  -3.8881500e+03
  -3.8775700e+03
  -3.8669900e+03
  -3.8564100e+03
  -3.8458300e+03
  -3.8352500e+03
  -3.8246700e+03
  -3.8140900e+03
  -3.8035100e+03
  -3.7929300e+03
  -3.7823500e+03
  -3.7717700e+03
  -3.7611900e+03
  -3.7506100e+03
  -3.7400300e+03
  -3.7294500e+03
  -3.7188700e+03
  -3.7082900e+03
  -3.6977100e+03
  -3.6871300e+03
  -3.6765500e+03
  -3.6659700e+03
  -3.6553900e+03
  -3.6448100e+03
  -3.6342300e+03
  -3.6236500e+03
  -3.6130700e+03
  -3.6024900e+03
  -3.5919100e+03
  -3.5813300e+03
  -3.5707500e+03
  -3.5601700e+03
  -3.5495900e+03
  -3.5390100e+03
  -3.5284300e+03
  -3.5178500e+03
  -3.5072700e+03
  -3.4966900e+03
  -3.4861100e+03
  -3.4755300e+03
  -3.4649500e+03
  -3.4543700e+03
  -3.4437900e+03
  -3.4332100e+03
  -3.4226300e+03
  -3.4120500e+03
  -3.4014700e+03
  -3.3908900e+03
  -3.3803100e+03
  -3.3697300e+03
  -3.3591500e+03
  -3.3485700e+03
  -3.3379900e+03
  -3.3274100e+03
  -3.3168300e+03
  -3.3062500e+03
  -3.2956700e+03
  -3.2850900e+03
  -3.2745100e+03
  -3.2639300e+03
  -3.2533500e+03
  -3.2427700e+03
  -3.2321900e+03
  -3.2216100e+03
  -3.2110300e+03
  -3.2004500e+03
  -3.1898700e+03
  -3.1792900e+03
  -3.1687100e+03
  -3.1581300e+03
  -3.1475500e+03
  -3.1369700e+03
  -3.1263900e+03
  -3.1158100e+03
  -3.1052300e+03
  -3.0946500e+03
  -3.0840700e+03
  -3.0734900e+03
  -3.0629100e+03
  -3.0523300e+03
  -3.0417500e+03
  -3.0311700e+03
  -3.0205900e+03
  -3.0100100e+03
  -2.9994300e+03
  -2.9888500e+03
  -2.9782700e+03
  -2.9676900e+03
  -2.9571100e+03
  -2.9465300e+03
  -2.9359500e+03
  -2.9253700e+03
  -2.9147900e+03
  -2.9042100e+03
  -2.8936300e+03
  -2.8830500e+03
  -2.8724700e+03
  -2.8618900e+03
  -2.8513100e+03
  -2.8407300e+03
  -2.8301500e+03
  -2.8195700e+03
  -2.8089900e+03
  -2.7984100e+03
  -2.7878300e+03
  -2.7772500e+03
  -2.7666700e+03
  -2.7560900e+03
  -2.7455100e+03
  -2.7349300e+03
  -2.7243500e+03
  -2.7137700e+03
  -2.7031900e+03
  -2.6926100e+03
  -2.6820300e+03
  -2.6714500e+03
  -2.6608700e+03
  -2.6502900e+03
  -2.6397100e+03
  -2.6291300e+03
  -2.6185500e+03
  -2.6079700e+03
  -2.5973900e+03
  -2.5868100e+03
  -2.5762300e+03
  -2.5656500e+03
  -2.5550700e+03
  -2.5444900e+03
  -2.5339100e+03
  -2.5233300e+03
  -2.5127500e+03
  -2.5021700e+03
  -2.4915900e+03
  -2.4810100e+03
  -2.4704300e+03
  -2.4598500e+03
  -2.4492700e+03
  -2.4386900e+03
  -2.4281100e+03
  -2.4175300e+03
  -2.4069500e+03
  -2.3963700e+03
  -2.3857900e+03
  -2.3752100e+03
  -2.3646300e+03
  -2.3540500e+03
  -2.3434700e+03
  -2.3328900e+03
  -2.3223100e+03
  -2.3117300e+03
  -2.3011500e+03
  -2.2905700e+03
  -2.2799900e+03
  -2.2694100e+03
  -2.2588300e+03
  -2.2482500e+03
  -2.2376700e+03
  -2.2270900e+03
  -2.2165100e+03
  -2.2059300e+03
  -2.1953500e+03
  -2.1847700e+03
  -2.1741900e+03
  -2.1636100e+03
  -2.1530300e+03
  -2.1424500e+03
  -2.1318700e+03
  -2.1212900e+03
  -2.1107100e+03
  -2.1001300e+03
  -2.0895500e+03
  -2.0789700e+03
  -2.0683900e+03
  -2.0578100e+03
  -2.0472300e+03
  -2.0366500e+03
  -2.0260700e+03
  -2.0154900e+03
  -2.0049100e+03
  -1.9943300e+03
  -1.9837500e+03
  -1.9731700e+03
  -1.9625900e+03
  -1.9520100e+03
  -1.9414300e+03
  -1.9308500e+03
  -1.9202700e+03
  -1.9096900e+03
  -1.8991100e+03
  -1.8885300e+03
  -1.8779500e+03
  -1.8673700e+03
  -1.8567900e+03
  -1.8462100e+03
  -1.8356300e+03
  -1.8250500e+03
  -1.8144700e+03
  -1.8038900e+03
  -1.7933100e+03
  -1.7827300e+03
  -1.7721500e+03
  -1.7615700e+03
  -1.7509900e+03
  -1.7404100e+03
  -1.7298300e+03
  -1.7192500e+03
  -1.7086700e+03
  -1.6980900e+03
  -1.6875100e+03
  -1.6769300e+03
  -1.6663500e+03
  -1.6557700e+03
  -1.6451900e+03
  -1.6346100e+03
  -1.6240300e+03
  -1.6134500e+03
  -1.6028700e+03
  -1.5922900e+03
  -1.5817100e+03
  -1.5711300e+03
  -1.5605500e+03
  -1.5499700e+03
  -1.5393900e+03
  -1.5288100e+03
  -1.5182300e+03
  -1.5076500e+03
  -1.4970700e+03
  -1.4864900e+03
  -1.4759100e+03
  -1.4653300e+03
  -1.4547500e+03
  -1.4441700e+03
  -1.4335900e+03
  -1.4230100e+03
  -1.4124300e+03
  -1.4018500e+03
  -1.3912700e+03
  -1.3806900e+03
  -1.3701100e+03
  -1.3595300e+03
  -1.3489500e+03
  -1.3383700e+03
  -1.3277900e+03
  -1.3172100e+03
  -1.3066300e+03
  -1.2960500e+03
  -1.2854700e+03
  -1.2748900e+03
  -1.2643100e+03
  -1.2537300e+03
  -1.2431500e+03
  -1.2325700e+03
  -1.2219900e+03
  -1.2114100e+03
  -1.2008300e+03
  -1.1902500e+03
  -1.1796700e+03
  -1.1690900e+03
  -1.1585100e+03
  -1.1479300e+03
  -1.1373500e+03
  -1.1267700e+03
  -1.1161900e+03
  -1.1056100e+03
  -1.0950300e+03
  -1.0844500e+03
  -1.0738700e+03
  -1.0632900e+03
  -1.0527100e+03
  -1.0421300e+03
  -1.0315500e+03
  -1.0209700e+03
  -1.0103900e+03
  -9.9981000e+02
  -9.8923000e+02
  -9.7865000e+02
  -9.6807000e+02
  -9.5749000e+02
  -9.4691000e+02
  -9.3633000e+02
  -9.2575000e+02
  -9.1517000e+02
  -9.0459000e+02
  -8.9401000e+02
  -8.8343000e+02
  -8.7285000e+02
  -8.6227000e+02
  -8.5169000e+02
  -8.4111000e+02
  -8.3053000e+02
  -8.1995000e+02
  -8.0937000e+02
  -7.9879000e+02
  -7.8821000e+02
  -7.7763000e+02
  -7.6705000e+02
  -7.5647000e+02
  -7.4589000e+02
  -7.3531000e+02
  -7.2473000e+02
  -7.1415000e+02
  -7.0357000e+02
  -6.9299000e+02
  -6.8241000e+02
  -6.7183000e+02
  -6.6125000e+02
  -6.5067000e+02
  -6.4009000e+02
  -6.2951000e+02
  -6.1893000e+02
  -6.0835000e+02
  -5.9777000e+02
  -5.8719000e+02
  -5.7661000e+02
  -5.6603000e+02
  -5.5545000e+02
  -5.4487000e+02
  -5.3429000e+02
  -5.2371000e+02
  -5.1313000e+02
  -5.0255000e+02
  -4.9197000e+02
  -4.8139000e+02
  -4.7081000e+02
  -4.6023000e+02
  -4.4965000e+02
  -4.3907000e+02
  -4.2849000e+02
  -4.1791000e+02
  -4.0733000e+02
  -3.9675000e+02
  -3.8617000e+02
  -3.7559000e+02
  -3.6501000e+02
  -3.5443000e+02
  -3.4385000e+02
  -3.3327000e+02
  -3.2269000e+02
  -3.1211000e+02
  -3.0153000e+02
  -2.9095000e+02
  -2.8037000e+02
  -2.6979000e+02
  -2.5921000e+02
  -2.4863000e+02
  -2.3805000e+02
  -2.2747000e+02
  -2.1689000e+02
  -2.0631000e+02
  -1.9573000e+02
  -1.8515000e+02
  -1.7457000e+02
  -1.6399000e+02
  -1.5341000e+02
  -1.4283000e+02
  -1.3225000e+02
  -1.2167000e+02
  -1.1109000e+02
  -1.0051000e+02
  -8.9930000e+01
  -7.9350000e+01
  -6.8770000e+01
  -5.8190000e+01
  -4.7610000e+01
  -3.7030000e+01
  -2.6450000e+01
  -1.5870000e+01
  -5.2900000e+00
   5.2900000e+00
   1.5870000e+01
   2.6450000e+01
   3.7030000e+01
   4.7610000e+01
   5.8190000e+01
   6.8770000e+01
   7.9350000e+01
   8.9930000e+01
   1.0051000e+02
   1.1109000e+02
   1.2167000e+02
   1.3225000e+02
   1.4283000e+02
   1.5341000e+02
   1.6399000e+02
   1.7457000e+02
   1.8515000e+02
   1.9573000e+02
   2.0631000e+02
   2.1689000e+02
   2.2747000e+02
   2.3805000e+02
   2.4863000e+02
   2.5921000e+02
   2.6979000e+02
   2.8037000e+02
   2.9095000e+02
   3.0153000e+02
   3.1211000e+02
   3.2269000e+02
   3.3327000e+02
   3.4385000e+02
   3.5443000e+02
   3.6501000e+02
   3.7559000e+02
   3.8617000e+02
   3.9675000e+02
   4.0733000e+02
   4.1791000e+02
   4.2849000e+02
   4.3907000e+02
   4.4965000e+02
   4.6023000e+02
   4.7081000e+02
   4.8139000e+02
   4.9197000e+02
   5.0255000e+02
   5.1313000e+02
   5.2371000e+02
   5.3429000e+02
   5.4487000e+02
   5.5545000e+02
   5.6603000e+02
   5.7661000e+02
   5.8719000e+02
   5.9777000e+02
   6.0835000e+02
   6.1893000e+02
   6.2951000e+02
   6.4009000e+02
   6.5067000e+02
   6.6125000e+02
   6.7183000e+02
   6.8241000e+02
   6.9299000e+02
   7.0357000e+02
   7.1415000e+02
   7.2473000e+02
   7.3531000e+02
   7.4589000e+02
   7.5647000e+02
   7.6705000e+02
   7.7763000e+02
   7.8821000e+02
   7.9879000e+02
   8.0937000e+02
   8.1995000e+02
   8.3053000e+02
   8.4111000e+02
   8.5169000e+02
   8.6227000e+02
   8.7285000e+02
   8.8343000e+02
   8.9401000e+02
   9.0459000e+02
   9.1517000e+02
   9.2575000e+02
   9.3633000e+02
   9.4691000e+02
   9.5749000e+02
   9.6807000e+02
   9.7865000e+02
   9.8923000e+02
   9.9981000e+02
   1.0103900e+03
   1.0209700e+03
   1.0315500e+03
   1.0421300e+03
   1.0527100e+03
   1.0632900e+03
   1.0738700e+03
   1.0844500e+03
   1.0950300e+03
   1.1056100e+03
   1.1161900e+03
   1.1267700e+03
   1.1373500e+03
   1.1479300e+03
   1.1585100e+03
   1.1690900e+03
   1.1796700e+03
   1.1902500e+03
   1.2008300e+03
   1.2114100e+03
   1.2219900e+03
   1.2325700e+03
   1.2431500e+03
   1.2537300e+03
   1.2643100e+03
   1.2748900e+03
   1.2854700e+03
   1.2960500e+03
   1.3066300e+03
   1.3172100e+03
   1.3277900e+03
   1.3383700e+03
   1.3489500e+03
   1.3595300e+03
   1.3701100e+03
   1.3806900e+03
   1.3912700e+03
   1.4018500e+03
   1.4124300e+03
   1.4230100e+03
   1.4335900e+03
   1.4441700e+03
   1.4547500e+03
   1.4653300e+03
   1.4759100e+03
   1.4864900e+03
   1.4970700e+03
   1.5076500e+03
   1.5182300e+03
   1.5288100e+03
   1.5393900e+03
   1.5499700e+03
   1.5605500e+03
   1.5711300e+03
   1.5817100e+03
   1.5922900e+03
   1.6028700e+03
   1.6134500e+03
   1.6240300e+03
   1.6346100e+03
   1.6451900e+03
   1.6557700e+03
   1.6663500e+03
   1.6769300e+03
   1.6875100e+03
   1.6980900e+03
   1.7086700e+03
   1.7192500e+03
   1.7298300e+03
   1.7404100e+03
   1.7509900e+03
   1.7615700e+03
   1.7721500e+03
   1.7827300e+03
   1.7933100e+03
   1.8038900e+03
   1.8144700e+03
   1.8250500e+03
   1.8356300e+03
   1.8462100e+03
   1.8567900e+03
   1.8673700e+03
   1.8779500e+03
   1.8885300e+03
   1.8991100e+03
   1.9096900e+03
   1.9202700e+03
   1.9308500e+03
   1.9414300e+03
   1.9520100e+03
   1.9625900e+03
   1.9731700e+03
   1.9837500e+03
   1.9943300e+03
   2.0049100e+03
   2.0154900e+03
   2.0260700e+03
   2.0366500e+03
   2.0472300e+03
   2.0578100e+03
   2.0683900e+03
   2.0789700e+03
   2.0895500e+03
   2.1001300e+03
   2.1107100e+03
   2.1212900e+03
   2.1318700e+03
   2.1424500e+03
   2.1530300e+03
   2.1636100e+03
   2.1741900e+03
   2.1847700e+03
   2.1953500e+03
   2.2059300e+03
   2.2165100e+03
   2.2270900e+03
   2.2376700e+03
   2.2482500e+03
   2.2588300e+03
   2.2694100e+03
   2.2799900e+03
   2.2905700e+03
   2.3011500e+03
   2.3117300e+03
   2.3223100e+03
   2.3328900e+03
   2.3434700e+03
   2.3540500e+03
   2.3646300e+03
   2.3752100e+03
   2.3857900e+03
   2.3963700e+03
   2.4069500e+03
   2.4175300e+03
   2.4281100e+03
   2.4386900e+03
   2.4492700e+03
   2.4598500e+03
   2.4704300e+03
   2.4810100e+03
   2.4915900e+03
   2.5021700e+03
   2.5127500e+03
   2.5233300e+03
   2.5339100e+03
   2.5444900e+03
   2.5550700e+03
   2.5656500e+03
   2.5762300e+03
   2.5868100e+03
   2.5973900e+03
   2.6079700e+03
   2.6185500e+03
   2.6291300e+03
   2.6397100e+03
   2.6502900e+03
   2.6608700e+03
   2.6714500e+03
   2.6820300e+03
   2.6926100e+03
   2.7031900e+03
   2.7137700e+03
   2.7243500e+03
   2.7349300e+03
   2.7455100e+03
   2.7560900e+03
   2.7666700e+03
   2.7772500e+03
   2.7878300e+03
   2.7984100e+03
   2.8089900e+03
   2.8195700e+03
   2.8301500e+03
   2.8407300e+03
   2.8513100e+03
   2.8618900e+03
   2.8724700e+03
   2.8830500e+03
   2.8936300e+03
   2.9042100e+03
   2.9147900e+03
   2.9253700e+03
   2.9359500e+03
   2.9465300e+03
   2.9571100e+03
   2.9676900e+03
   2.9782700e+03
   2.9888500e+03
   2.9994300e+03
   3.0100100e+03
   3.0205900e+03
   3.0311700e+03
   3.0417500e+03
   3.0523300e+03
   3.0629100e+03
   3.0734900e+03
   3.0840700e+03
   3.0946500e+03
   3.1052300e+03
   3.1158100e+03
   3.1263900e+03
   3.1369700e+03
   3.1475500e+03
   3.1581300e+03
   3.1687100e+03
   3.1792900e+03
   3.1898700e+03
   3.2004500e+03
   3.2110300e+03
   3.2216100e+03
   3.2321900e+03
   3.2427700e+03
   3.2533500e+03
   3.2639300e+03
   3.2745100e+03
   3.2850900e+03
   3.2956700e+03
   3.3062500e+03
   3.3168300e+03
   3.3274100e+03
   3.3379900e+03
   3.3485700e+03
   3.3591500e+03
   3.3697300e+03
   3.3803100e+03
   3.3908900e+03
   3.4014700e+03
   3.4120500e+03
   3.4226300e+03
   3.4332100e+03
   3.4437900e+03
   3.4543700e+03
   3.4649500e+03
   3.4755300e+03
   3.4861100e+03
   3.4966900e+03
   3.5072700e+03
   3.5178500e+03
   3.5284300e+03
   3.5390100e+03
   3.5495900e+03
   3.5601700e+03
   3.5707500e+03
   3.5813300e+03
   3.5919100e+03
   3.6024900e+03
   3.6130700e+03
   3.6236500e+03
   3.6342300e+03
   3.6448100e+03
   3.6553900e+03
   3.6659700e+03
   3.6765500e+03
   3.6871300e+03
   3.6977100e+03
   3.7082900e+03
   3.7188700e+03
   3.7294500e+03
   3.7400300e+03
   3.7506100e+03
   3.7611900e+03
   3.7717700e+03
   3.7823500e+03
   3.7929300e+03
   3.8035100e+03
   3.8140900e+03
   3.8246700e+03
   3.8352500e+03
   3.8458300e+03
   3.8564100e+03
   3.8669900e+03
   3.8775700e+03
   3.8881500e+03
   3.8987300e+03
   3.9093100e+03
   3.9198900e+03
   3.9304700e+03
   3.9410500e+03
   3.9516300e+03
   3.9622100e+03
   3.9727900e+03
   3.9833700e+03
   3.9939500e+03
   4.0045300e+03
   4.0151100e+03
   4.0256900e+03
   4.0362700e+03
   4.0468500e+03
   4.0574300e+03
   4.0680100e+03
   4.0785900e+03
   4.0891700e+03
   4.0997500e+03
   4.1103300e+03
   4.1209100e+03
   4.1314900e+03
   4.1420700e+03
   4.1526500e+03
   4.1632300e+03
   4.1738100e+03
   4.1843900e+03
   4.1949700e+03
   4.2055500e+03
   4.2161300e+03
   4.2267100e+03
   4.2372900e+03
   4.2478700e+03
   4.2584500e+03
   4.2690300e+03
   4.2796100e+03
   4.2901900e+03
   4.3007700e+03
   4.3113500e+03
   4.3219300e+03
   4.3325100e+03
   4.3430900e+03
   4.3536700e+03
   4.3642500e+03
   4.3748300e+03
   4.3854100e+03
   4.3959900e+03
   4.4065700e+03
   4.4171500e+03
   4.4277300e+03
   4.4383100e+03
   4.4488900e+03
   4.4594700e+03
   4.4700500e+03
   4.4806300e+03
   4.4912100e+03
   4.5017900e+03
   4.5123700e+03
   4.5229500e+03
   4.5335300e+03
   4.5441100e+03
   4.5546900e+03
   4.5652700e+03
   4.5758500e+03
   4.5864300e+03
   4.5970100e+03
   4.6075900e+03
   4.6181700e+03
   4.6287500e+03
   4.6393300e+03
   4.6499100e+03
   4.6604900e+03
   4.6710700e+03
   4.6816500e+03
   4.6922300e+03
   4.7028100e+03
   4.7133900e+03
   4.7239700e+03
   4.7345500e+03
   4.7451300e+03
   4.7557100e+03
   4.7662900e+03
   4.7768700e+03
   4.7874500e+03
   4.7980300e+03
   4.8086100e+03
   4.8191900e+03
   4.8297700e+03
   4.8403500e+03
   4.8509300e+03
   4.8615100e+03
   4.8720900e+03
   4.8826700e+03
   4.8932500e+03
   4.9038300e+03
   4.9144100e+03
   4.9249900e+03
   4.9355700e+03
   4.9461500e+03
   4.9567300e+03
   4.9673100e+03
   4.9778900e+03
   4.9884700e+03
   4.9990500e+03
   5.0096300e+03
   5.0202100e+03
   5.0307900e+03
   5.0413700e+03
   5.0519500e+03
   5.0625300e+03
   5.0731100e+03
   5.0836900e+03
   5.0942700e+03
   5.1048500e+03
   5.1154300e+03
   5.1260100e+03
   5.1365900e+03
   5.1471700e+03
   5.1577500e+03
   5.1683300e+03
   5.1789100e+03
   5.1894900e+03
   5.2000700e+03
   5.2106500e+03
   5.2212300e+03
   5.2318100e+03
   5.2423900e+03
   5.2529700e+03
   5.2635500e+03
   5.2741300e+03
   5.2847100e+03
