  -5.2371000e+03
  -5.1313000e+03
  -5.0255000e+03
  -4.9197000e+03
  -4.8139000e+03
  -4.7081000e+03
  -4.6023000e+03
  -4.4965000e+03
  -4.3907000e+03
  -4.2849000e+03
  -4.1791000e+03
  -4.0733000e+03
  -3.9675000e+03
  -3.8617000e+03
  -3.7559000e+03
  -3.6501000e+03
  -3.5443000e+03
  -3.4385000e+03
  -3.3327000e+03
  -3.2269000e+03
  -3.1211000e+03
  -3.0153000e+03
  -2.9095000e+03
  -2.8037000e+03
  -2.6979000e+03
  -2.5921000e+03
  -2.4863000e+03
  -2.3805000e+03
  -2.2747000e+03
  -2.1689000e+03
  -2.0631000e+03
  -1.9573000e+03
  -1.8515000e+03
  -1.7457000e+03
  -1.6399000e+03
  -1.5341000e+03
  -1.4283000e+03
  -1.3225000e+03
  -1.2167000e+03
  -1.1109000e+03
  -1.0051000e+03
  -8.9930000e+02
  -7.9350000e+02
  -6.8770000e+02
  -5.8190000e+02
  -4.7610000e+02
  -3.7030000e+02
  -2.6450000e+02
  -1.5870000e+02
  -5.2900000e+01
   5.2900000e+01
   1.5870000e+02
   2.6450000e+02
   3.7030000e+02
   4.7610000e+02
   5.8190000e+02
   6.8770000e+02
   7.9350000e+02
   8.9930000e+02
   1.0051000e+03
   1.1109000e+03
   1.2167000e+03
   1.3225000e+03
   1.4283000e+03
   1.5341000e+03
   1.6399000e+03
   1.7457000e+03
   1.8515000e+03
   1.9573000e+03
   2.0631000e+03
   2.1689000e+03
   2.2747000e+03
   2.3805000e+03
   2.4863000e+03
   2.5921000e+03
   2.6979000e+03
   2.8037000e+03
   2.9095000e+03
   3.0153000e+03
   3.1211000e+03
   3.2269000e+03
   3.3327000e+03
   3.4385000e+03
   3.5443000e+03
   3.6501000e+03
   3.7559000e+03
   3.8617000e+03
   3.9675000e+03
