  -5.2925734e+03
  -5.2820002e+03
  -5.2714271e+03
  -5.2608539e+03
  -5.2502807e+03
  -5.2397075e+03
  -5.2291343e+03
  -5.2185611e+03
  -5.2079880e+03
  -5.1974148e+03
  -5.1868416e+03
  -5.1762684e+03
  -5.1656952e+03
  -5.1551221e+03
  -5.1445489e+03
  -5.1339757e+03
  -5.1234025e+03
  -5.1128293e+03
  -5.1022562e+03
  -5.0916830e+03
  -5.0811098e+03
  -5.0705366e+03
  -5.0599634e+03
  -5.0493903e+03
  -5.0388171e+03
  -5.0282439e+03
  -5.0176707e+03
  -5.0070976e+03
  -4.9965244e+03
  -4.9859512e+03
  -4.9753780e+03
  -4.9648048e+03
  -4.9542316e+03
  -4.9436585e+03
  -4.9330853e+03
  -4.9225121e+03
  -4.9119389e+03
  -4.9013657e+03
  -4.8907926e+03
  -4.8802194e+03
  -4.8696462e+03
  -4.8590730e+03
  -4.8484999e+03
  -4.8379267e+03
  -4.8273535e+03
  -4.8167803e+03
  -4.8062071e+03
  -4.7956339e+03
  -4.7850608e+03
  -4.7744876e+03
  -4.7639144e+03
  -4.7533412e+03
  -4.7427680e+03
  -4.7321949e+03
  -4.7216217e+03
  -4.7110485e+03
  -4.7004753e+03
  -4.6899021e+03
  -4.6793290e+03
  -4.6687558e+03
  -4.6581826e+03
  -4.6476094e+03
  -4.6370362e+03
  -4.6264631e+03
  -4.6158899e+03
  -4.6053167e+03
  -4.5947435e+03
  -4.5841704e+03
  -4.5735972e+03
  -4.5630240e+03
  -4.5524508e+03
  -4.5418776e+03
  -4.5313044e+03
  -4.5207313e+03
  -4.5101581e+03
  -4.4995849e+03
  -4.4890117e+03
  -4.4784385e+03
  -4.4678654e+03
  -4.4572922e+03
  -4.4467190e+03
  -4.4361458e+03
  -4.4255727e+03
  -4.4149995e+03
  -4.4044263e+03
  -4.3938531e+03
  -4.3832799e+03
  -4.3727067e+03
  -4.3621336e+03
  -4.3515604e+03
  -4.3409872e+03
  -4.3304140e+03
  -4.3198408e+03
  -4.3092677e+03
  -4.2986945e+03
  -4.2881213e+03
  -4.2775481e+03
  -4.2669749e+03
  -4.2564018e+03
  -4.2458286e+03
  -4.2352554e+03
  -4.2246822e+03
  -4.2141090e+03
  -4.2035359e+03
  -4.1929627e+03
  -4.1823895e+03
  -4.1718163e+03
  -4.1612432e+03
  -4.1506700e+03
  -4.1400968e+03
  -4.1295236e+03
  -4.1189504e+03
  -4.1083772e+03
  -4.0978041e+03
  -4.0872309e+03
  -4.0766577e+03
  -4.0660845e+03
  -4.0555113e+03
  -4.0449382e+03
  -4.0343650e+03
  -4.0237918e+03
  -4.0132186e+03
  -4.0026454e+03
  -3.9920723e+03
  -3.9814991e+03
  -3.9709259e+03
  -3.9603527e+03
  -3.9497795e+03
  -3.9392064e+03
  -3.9286332e+03
  -3.9180600e+03
  -3.9074868e+03
  -3.8969136e+03
  -3.8863405e+03
  -3.8757673e+03
  -3.8651941e+03
  -3.8546209e+03
  -3.8440477e+03
  -3.8334746e+03
  -3.8229014e+03
  -3.8123282e+03
  -3.8017550e+03
  -3.7911818e+03
  -3.7806087e+03
  -3.7700355e+03
  -3.7594623e+03
  -3.7488891e+03
  -3.7383159e+03
  -3.7277428e+03
  -3.7171696e+03
  -3.7065964e+03
  -3.6960232e+03
  -3.6854500e+03
  -3.6748769e+03
  -3.6643037e+03
  -3.6537305e+03
  -3.6431573e+03
  -3.6325841e+03
  -3.6220110e+03
  -3.6114378e+03
  -3.6008646e+03
  -3.5902914e+03
  -3.5797182e+03
  -3.5691451e+03
  -3.5585719e+03
  -3.5479987e+03
  -3.5374255e+03
  -3.5268523e+03
  -3.5162792e+03
  -3.5057060e+03
  -3.4951328e+03
  -3.4845596e+03
  -3.4739864e+03
  -3.4634133e+03
  -3.4528401e+03
  -3.4422669e+03
  -3.4316937e+03
  -3.4211205e+03
  -3.4105474e+03
  -3.3999742e+03
  -3.3894010e+03
  -3.3788278e+03
  -3.3682546e+03
  -3.3576815e+03
  -3.3471083e+03
  -3.3365351e+03
  -3.3259619e+03
  -3.3153887e+03
  -3.3048156e+03
  -3.2942424e+03
  -3.2836692e+03
  -3.2730960e+03
  -3.2625228e+03
  -3.2519497e+03
  -3.2413765e+03
  -3.2308033e+03
  -3.2202301e+03
  -3.2096569e+03
  -3.1990838e+03
  -3.1885106e+03
  -3.1779374e+03
  -3.1673642e+03
  -3.1567910e+03
  -3.1462179e+03
  -3.1356447e+03
  -3.1250715e+03
  -3.1144983e+03
  -3.1039251e+03
  -3.0933520e+03
  -3.0827788e+03
  -3.0722056e+03
  -3.0616324e+03
  -3.0510592e+03
  -3.0404861e+03
  -3.0299129e+03
  -3.0193397e+03
  -3.0087665e+03
  -2.9981933e+03
  -2.9876202e+03
  -2.9770470e+03
  -2.9664738e+03
  -2.9559006e+03
  -2.9453274e+03
  -2.9347543e+03
  -2.9241811e+03
  -2.9136079e+03
  -2.9030347e+03
  -2.8924615e+03
  -2.8818884e+03
  -2.8713152e+03
  -2.8607420e+03
  -2.8501688e+03
  -2.8395956e+03
  -2.8290225e+03
  -2.8184493e+03
  -2.8078761e+03
  -2.7973029e+03
  -2.7867297e+03
  -2.7761566e+03
  -2.7655834e+03
  -2.7550102e+03
  -2.7444370e+03
  -2.7338638e+03
  -2.7232907e+03
  -2.7127175e+03
  -2.7021443e+03
  -2.6915711e+03
  -2.6809979e+03
  -2.6704248e+03
  -2.6598516e+03
  -2.6492784e+03
  -2.6387052e+03
  -2.6281320e+03
  -2.6175589e+03
  -2.6069857e+03
  -2.5964125e+03
  -2.5858393e+03
  -2.5752661e+03
  -2.5646930e+03
  -2.5541198e+03
  -2.5435466e+03
  -2.5329734e+03
  -2.5224002e+03
  -2.5118271e+03
  -2.5012539e+03
  -2.4906807e+03
  -2.4801075e+03
  -2.4695343e+03
  -2.4589612e+03
  -2.4483880e+03
  -2.4378148e+03
  -2.4272416e+03
  -2.4166684e+03
  -2.4060953e+03
  -2.3955221e+03
  -2.3849489e+03
  -2.3743757e+03
  -2.3638025e+03
  -2.3532294e+03
  -2.3426562e+03
  -2.3320830e+03
  -2.3215098e+03
  -2.3109366e+03
  -2.3003635e+03
  -2.2897903e+03
  -2.2792171e+03
  -2.2686439e+03
  -2.2580707e+03
  -2.2474976e+03
  -2.2369244e+03
  -2.2263512e+03
  -2.2157780e+03
  -2.2052048e+03
  -2.1946317e+03
  -2.1840585e+03
  -2.1734853e+03
  -2.1629121e+03
  -2.1523389e+03
  -2.1417658e+03
  -2.1311926e+03
  -2.1206194e+03
  -2.1100462e+03
  -2.0994730e+03
  -2.0888999e+03
  -2.0783267e+03
  -2.0677535e+03
  -2.0571803e+03
  -2.0466071e+03
  -2.0360340e+03
  -2.0254608e+03
  -2.0148876e+03
  -2.0043144e+03
  -1.9937412e+03
  -1.9831681e+03
  -1.9725949e+03
  -1.9620217e+03
  -1.9514485e+03
  -1.9408753e+03
  -1.9303022e+03
  -1.9197290e+03
  -1.9091558e+03
  -1.8985826e+03
  -1.8880094e+03
  -1.8774363e+03
  -1.8668631e+03
  -1.8562899e+03
  -1.8457167e+03
  -1.8351435e+03
  -1.8245704e+03
  -1.8139972e+03
  -1.8034240e+03
  -1.7928508e+03
  -1.7822776e+03
  -1.7717045e+03
  -1.7611313e+03
  -1.7505581e+03
  -1.7399849e+03
  -1.7294117e+03
  -1.7188386e+03
  -1.7082654e+03
  -1.6976922e+03
  -1.6871190e+03
  -1.6765458e+03
  -1.6659727e+03
  -1.6553995e+03
  -1.6448263e+03
  -1.6342531e+03
  -1.6236799e+03
  -1.6131068e+03
  -1.6025336e+03
  -1.5919604e+03
  -1.5813872e+03
  -1.5708140e+03
  -1.5602409e+03
  -1.5496677e+03
  -1.5390945e+03
  -1.5285213e+03
  -1.5179481e+03
  -1.5073750e+03
  -1.4968018e+03
  -1.4862286e+03
  -1.4756554e+03
  -1.4650822e+03
  -1.4545091e+03
  -1.4439359e+03
  -1.4333627e+03
  -1.4227895e+03
  -1.4122163e+03
  -1.4016432e+03
  -1.3910700e+03
  -1.3804968e+03
  -1.3699236e+03
  -1.3593504e+03
  -1.3487773e+03
  -1.3382041e+03
  -1.3276309e+03
  -1.3170577e+03
  -1.3064845e+03
  -1.2959114e+03
  -1.2853382e+03
  -1.2747650e+03
  -1.2641918e+03
  -1.2536186e+03
  -1.2430455e+03
  -1.2324723e+03
  -1.2218991e+03
  -1.2113259e+03
  -1.2007527e+03
  -1.1901796e+03
  -1.1796064e+03
  -1.1690332e+03
  -1.1584600e+03
  -1.1478868e+03
  -1.1373137e+03
  -1.1267405e+03
  -1.1161673e+03
  -1.1055941e+03
  -1.0950209e+03
  -1.0844478e+03
  -1.0738746e+03
  -1.0633014e+03
  -1.0527282e+03
  -1.0421550e+03
  -1.0315819e+03
  -1.0210087e+03
  -1.0104355e+03
  -9.9986233e+02
  -9.8928915e+02
  -9.7871597e+02
  -9.6814279e+02
  -9.5756961e+02
  -9.4699643e+02
  -9.3642325e+02
  -9.2585007e+02
  -9.1527689e+02
  -9.0470371e+02
  -8.9413053e+02
  -8.8355735e+02
  -8.7298417e+02
  -8.6241099e+02
  -8.5183781e+02
  -8.4126463e+02
  -8.3069145e+02
  -8.2011827e+02
  -8.0954509e+02
  -7.9897191e+02
  -7.8839873e+02
  -7.7782555e+02
  -7.6725237e+02
  -7.5667919e+02
  -7.4610601e+02
  -7.3553283e+02
  -7.2495965e+02
  -7.1438647e+02
  -7.0381329e+02
  -6.9324011e+02
  -6.8266693e+02
  -6.7209375e+02
  -6.6152057e+02
  -6.5094739e+02
  -6.4037421e+02
  -6.2980103e+02
  -6.1922785e+02
  -6.0865467e+02
  -5.9808149e+02
  -5.8750831e+02
  -5.7693513e+02
  -5.6636195e+02
  -5.5578877e+02
  -5.4521559e+02
  -5.3464241e+02
  -5.2406923e+02
  -5.1349605e+02
  -5.0292287e+02
  -4.9234969e+02
  -4.8177651e+02
  -4.7120333e+02
  -4.6063015e+02
  -4.5005697e+02
  -4.3948379e+02
  -4.2891061e+02
  -4.1833743e+02
  -4.0776425e+02
  -3.9719107e+02
  -3.8661789e+02
  -3.7604471e+02
  -3.6547153e+02
  -3.5489835e+02
  -3.4432517e+02
  -3.3375199e+02
  -3.2317881e+02
  -3.1260563e+02
  -3.0203245e+02
  -2.9145927e+02
  -2.8088609e+02
  -2.7031291e+02
  -2.5973973e+02
  -2.4916655e+02
  -2.3859337e+02
  -2.2802019e+02
  -2.1744701e+02
  -2.0687383e+02
  -1.9630065e+02
  -1.8572747e+02
  -1.7515429e+02
  -1.6458111e+02
  -1.5400793e+02
  -1.4343475e+02
  -1.3286157e+02
  -1.2228839e+02
  -1.1171521e+02
  -1.0114203e+02
  -9.0568850e+01
  -7.9995670e+01
  -6.9422490e+01
  -5.8849310e+01
  -4.8276130e+01
  -3.7702950e+01
  -2.7129770e+01
  -1.6556590e+01
  -5.9834100e+00
   4.5897700e+00
   1.5162950e+01
   2.5736130e+01
   3.6309310e+01
   4.6882490e+01
   5.7455670e+01
   6.8028850e+01
   7.8602030e+01
   8.9175210e+01
   9.9748390e+01
   1.1032157e+02
   1.2089475e+02
   1.3146793e+02
   1.4204111e+02
   1.5261429e+02
   1.6318747e+02
   1.7376065e+02
   1.8433383e+02
   1.9490701e+02
   2.0548019e+02
   2.1605337e+02
   2.2662655e+02
   2.3719973e+02
   2.4777291e+02
   2.5834609e+02
   2.6891927e+02
   2.7949245e+02
   2.9006563e+02
   3.0063881e+02
   3.1121199e+02
   3.2178517e+02
   3.3235835e+02
   3.4293153e+02
   3.5350471e+02
   3.6407789e+02
   3.7465107e+02
   3.8522425e+02
   3.9579743e+02
   4.0637061e+02
   4.1694379e+02
   4.2751697e+02
   4.3809015e+02
   4.4866333e+02
   4.5923651e+02
   4.6980969e+02
   4.8038287e+02
   4.9095605e+02
   5.0152923e+02
   5.1210241e+02
   5.2267559e+02
   5.3324877e+02
   5.4382195e+02
   5.5439513e+02
   5.6496831e+02
   5.7554149e+02
   5.8611467e+02
   5.9668785e+02
   6.0726103e+02
   6.1783421e+02
   6.2840739e+02
   6.3898057e+02
   6.4955375e+02
   6.6012693e+02
   6.7070011e+02
   6.8127329e+02
   6.9184647e+02
   7.0241965e+02
   7.1299283e+02
   7.2356601e+02
   7.3413919e+02
   7.4471237e+02
   7.5528555e+02
   7.6585873e+02
   7.7643191e+02
   7.8700509e+02
   7.9757827e+02
   8.0815145e+02
   8.1872463e+02
   8.2929781e+02
   8.3987099e+02
   8.5044417e+02
   8.6101735e+02
   8.7159053e+02
   8.8216371e+02
   8.9273689e+02
   9.0331007e+02
   9.1388325e+02
   9.2445643e+02
   9.3502961e+02
   9.4560279e+02
   9.5617597e+02
   9.6674915e+02
   9.7732233e+02
   9.8789551e+02
   9.9846869e+02
   1.0090419e+03
   1.0196151e+03
   1.0301882e+03
   1.0407614e+03
   1.0513346e+03
   1.0619078e+03
   1.0724810e+03
   1.0830541e+03
   1.0936273e+03
   1.1042005e+03
   1.1147737e+03
   1.1253469e+03
   1.1359200e+03
   1.1464932e+03
   1.1570664e+03
   1.1676396e+03
   1.1782128e+03
   1.1887859e+03
   1.1993591e+03
   1.2099323e+03
   1.2205055e+03
   1.2310787e+03
   1.2416518e+03
   1.2522250e+03
   1.2627982e+03
   1.2733714e+03
   1.2839446e+03
   1.2945177e+03
   1.3050909e+03
   1.3156641e+03
   1.3262373e+03
   1.3368105e+03
   1.3473836e+03
   1.3579568e+03
   1.3685300e+03
   1.3791032e+03
   1.3896764e+03
   1.4002495e+03
   1.4108227e+03
   1.4213959e+03
   1.4319691e+03
   1.4425423e+03
   1.4531154e+03
   1.4636886e+03
   1.4742618e+03
   1.4848350e+03
   1.4954082e+03
   1.5059813e+03
   1.5165545e+03
   1.5271277e+03
   1.5377009e+03
   1.5482741e+03
   1.5588472e+03
   1.5694204e+03
   1.5799936e+03
   1.5905668e+03
   1.6011400e+03
   1.6117131e+03
   1.6222863e+03
   1.6328595e+03
   1.6434327e+03
   1.6540059e+03
   1.6645790e+03
   1.6751522e+03
   1.6857254e+03
   1.6962986e+03
   1.7068718e+03
   1.7174449e+03
   1.7280181e+03
   1.7385913e+03
   1.7491645e+03
   1.7597377e+03
   1.7703108e+03
   1.7808840e+03
   1.7914572e+03
   1.8020304e+03
   1.8126036e+03
   1.8231767e+03
   1.8337499e+03
   1.8443231e+03
   1.8548963e+03
   1.8654695e+03
   1.8760426e+03
   1.8866158e+03
   1.8971890e+03
   1.9077622e+03
   1.9183353e+03
   1.9289085e+03
   1.9394817e+03
   1.9500549e+03
   1.9606281e+03
   1.9712013e+03
   1.9817744e+03
   1.9923476e+03
   2.0029208e+03
   2.0134940e+03
   2.0240672e+03
   2.0346403e+03
   2.0452135e+03
   2.0557867e+03
   2.0663599e+03
   2.0769331e+03
   2.0875062e+03
   2.0980794e+03
   2.1086526e+03
   2.1192258e+03
   2.1297990e+03
   2.1403721e+03
   2.1509453e+03
   2.1615185e+03
   2.1720917e+03
   2.1826649e+03
   2.1932380e+03
   2.2038112e+03
   2.2143844e+03
   2.2249576e+03
   2.2355308e+03
   2.2461039e+03
   2.2566771e+03
   2.2672503e+03
   2.2778235e+03
   2.2883967e+03
   2.2989698e+03
   2.3095430e+03
   2.3201162e+03
   2.3306894e+03
   2.3412626e+03
   2.3518357e+03
   2.3624089e+03
   2.3729821e+03
   2.3835553e+03
   2.3941285e+03
   2.4047016e+03
   2.4152748e+03
   2.4258480e+03
   2.4364212e+03
   2.4469944e+03
   2.4575675e+03
   2.4681407e+03
   2.4787139e+03
   2.4892871e+03
   2.4998603e+03
   2.5104334e+03
   2.5210066e+03
   2.5315798e+03
   2.5421530e+03
   2.5527262e+03
   2.5632993e+03
   2.5738725e+03
   2.5844457e+03
   2.5950189e+03
   2.6055921e+03
   2.6161652e+03
   2.6267384e+03
   2.6373116e+03
   2.6478848e+03
   2.6584580e+03
   2.6690311e+03
   2.6796043e+03
   2.6901775e+03
   2.7007507e+03
   2.7113239e+03
   2.7218970e+03
   2.7324702e+03
   2.7430434e+03
   2.7536166e+03
   2.7641898e+03
   2.7747629e+03
   2.7853361e+03
   2.7959093e+03
   2.8064825e+03
   2.8170557e+03
   2.8276288e+03
   2.8382020e+03
   2.8487752e+03
   2.8593484e+03
   2.8699216e+03
   2.8804947e+03
   2.8910679e+03
   2.9016411e+03
   2.9122143e+03
   2.9227875e+03
   2.9333606e+03
   2.9439338e+03
   2.9545070e+03
   2.9650802e+03
   2.9756534e+03
   2.9862265e+03
   2.9967997e+03
   3.0073729e+03
   3.0179461e+03
   3.0285193e+03
   3.0390924e+03
   3.0496656e+03
   3.0602388e+03
   3.0708120e+03
   3.0813852e+03
   3.0919583e+03
   3.1025315e+03
   3.1131047e+03
   3.1236779e+03
   3.1342511e+03
   3.1448242e+03
   3.1553974e+03
   3.1659706e+03
   3.1765438e+03
   3.1871169e+03
   3.1976901e+03
   3.2082633e+03
   3.2188365e+03
   3.2294097e+03
   3.2399828e+03
   3.2505560e+03
   3.2611292e+03
   3.2717024e+03
   3.2822756e+03
   3.2928488e+03
   3.3034219e+03
   3.3139951e+03
   3.3245683e+03
   3.3351415e+03
   3.3457147e+03
   3.3562878e+03
   3.3668610e+03
   3.3774342e+03
   3.3880074e+03
   3.3985806e+03
   3.4091537e+03
   3.4197269e+03
   3.4303001e+03
   3.4408733e+03
   3.4514464e+03
   3.4620196e+03
   3.4725928e+03
   3.4831660e+03
   3.4937392e+03
   3.5043123e+03
   3.5148855e+03
   3.5254587e+03
   3.5360319e+03
   3.5466051e+03
   3.5571783e+03
   3.5677514e+03
   3.5783246e+03
   3.5888978e+03
   3.5994710e+03
   3.6100442e+03
   3.6206173e+03
   3.6311905e+03
   3.6417637e+03
   3.6523369e+03
   3.6629101e+03
   3.6734832e+03
   3.6840564e+03
   3.6946296e+03
   3.7052028e+03
   3.7157760e+03
   3.7263491e+03
   3.7369223e+03
   3.7474955e+03
   3.7580687e+03
   3.7686418e+03
   3.7792150e+03
   3.7897882e+03
   3.8003614e+03
   3.8109346e+03
   3.8215078e+03
   3.8320809e+03
   3.8426541e+03
   3.8532273e+03
   3.8638005e+03
   3.8743737e+03
   3.8849468e+03
   3.8955200e+03
   3.9060932e+03
   3.9166664e+03
   3.9272396e+03
   3.9378127e+03
   3.9483859e+03
   3.9589591e+03
   3.9695323e+03
   3.9801055e+03
   3.9906786e+03
   4.0012518e+03
   4.0118250e+03
   4.0223982e+03
   4.0329714e+03
   4.0435445e+03
   4.0541177e+03
   4.0646909e+03
   4.0752641e+03
   4.0858373e+03
   4.0964104e+03
   4.1069836e+03
   4.1175568e+03
   4.1281300e+03
   4.1387032e+03
   4.1492763e+03
   4.1598495e+03
   4.1704227e+03
   4.1809959e+03
   4.1915691e+03
   4.2021422e+03
   4.2127154e+03
   4.2232886e+03
   4.2338618e+03
   4.2444350e+03
   4.2550081e+03
   4.2655813e+03
   4.2761545e+03
   4.2867277e+03
   4.2973009e+03
   4.3078740e+03
   4.3184472e+03
   4.3290204e+03
   4.3395936e+03
   4.3501668e+03
   4.3607399e+03
   4.3713131e+03
   4.3818863e+03
   4.3924595e+03
   4.4030327e+03
   4.4136058e+03
   4.4241790e+03
   4.4347522e+03
   4.4453254e+03
   4.4558986e+03
   4.4664717e+03
   4.4770449e+03
   4.4876181e+03
   4.4981913e+03
   4.5087645e+03
   4.5193376e+03
   4.5299108e+03
   4.5404840e+03
   4.5510572e+03
   4.5616304e+03
   4.5722035e+03
   4.5827767e+03
   4.5933499e+03
   4.6039231e+03
   4.6144963e+03
   4.6250694e+03
   4.6356426e+03
   4.6462158e+03
   4.6567890e+03
   4.6673622e+03
   4.6779353e+03
   4.6885085e+03
   4.6990817e+03
   4.7096549e+03
   4.7202281e+03
   4.7308012e+03
   4.7413744e+03
   4.7519476e+03
   4.7625208e+03
   4.7730940e+03
   4.7836671e+03
   4.7942403e+03
   4.8048135e+03
   4.8153867e+03
   4.8259599e+03
   4.8365330e+03
   4.8471062e+03
   4.8576794e+03
   4.8682526e+03
   4.8788258e+03
   4.8893989e+03
   4.8999721e+03
   4.9105453e+03
   4.9211185e+03
   4.9316917e+03
   4.9422648e+03
   4.9528380e+03
   4.9634112e+03
   4.9739844e+03
   4.9845576e+03
   4.9951307e+03
   5.0057039e+03
   5.0162771e+03
   5.0268503e+03
   5.0374235e+03
   5.0479966e+03
   5.0585698e+03
   5.0691430e+03
   5.0797162e+03
   5.0902894e+03
   5.1008625e+03
   5.1114357e+03
   5.1220089e+03
   5.1325821e+03
   5.1431553e+03
   5.1537284e+03
   5.1643016e+03
   5.1748748e+03
   5.1854480e+03
   5.1960212e+03
   5.2065943e+03
   5.2171675e+03
   5.2277407e+03
   5.2383139e+03
   5.2488871e+03
   5.2594602e+03
   5.2700334e+03
