  -5.2900000e+03
  -5.2794100e+03
  -5.2688200e+03
  -5.2582300e+03
  -5.2476400e+03
  -5.2370500e+03
  -5.2264600e+03
  -5.2158700e+03
  -5.2052800e+03
  -5.1946800e+03
  -5.1840900e+03
  -5.1735000e+03
  -5.1629100e+03
  -5.1523200e+03
  -5.1417300e+03
  -5.1311400e+03
  -5.1205500e+03
  -5.1099600e+03
  -5.0993700e+03
  -5.0887800e+03
  -5.0781900e+03
  -5.0676000e+03
  -5.0570100e+03
  -5.0464200e+03
  -5.0358300e+03
  -5.0252400e+03
  -5.0146400e+03
  -5.0040500e+03
  -4.9934600e+03
  -4.9828700e+03
  -4.9722800e+03
  -4.9616900e+03
  -4.9511000e+03
  -4.9405100e+03
  -4.9299200e+03
  -4.9193300e+03
  -4.9087400e+03
  -4.8981500e+03
  -4.8875600e+03
  -4.8769700e+03
  -4.8663800e+03
  -4.8557900e+03
  -4.8452000e+03
  -4.8346000e+03
  -4.8240100e+03
  -4.8134200e+03
  -4.8028300e+03
  -4.7922400e+03
  -4.7816500e+03
  -4.7710600e+03
  -4.7604700e+03
  -4.7498800e+03
  -4.7392900e+03
  -4.7287000e+03
  -4.7181100e+03
  -4.7075200e+03
  -4.6969300e+03
  -4.6863400e+03
  -4.6757500e+03
  -4.6651600e+03
  -4.6545600e+03
  -4.6439700e+03
  -4.6333800e+03
  -4.6227900e+03
  -4.6122000e+03
  -4.6016100e+03
  -4.5910200e+03
  -4.5804300e+03
  -4.5698400e+03
  -4.5592500e+03
  -4.5486600e+03
  -4.5380700e+03
  -4.5274800e+03
  -4.5168900e+03
  -4.5063000e+03
  -4.4957100e+03
  -4.4851200e+03
  -4.4745200e+03
  -4.4639300e+03
  -4.4533400e+03
  -4.4427500e+03
  -4.4321600e+03
  -4.4215700e+03
  -4.4109800e+03
  -4.4003900e+03
  -4.3898000e+03
  -4.3792100e+03
  -4.3686200e+03
  -4.3580300e+03
  -4.3474400e+03
  -4.3368500e+03
  -4.3262600e+03
  -4.3156700e+03
  -4.3050800e+03
  -4.2944800e+03
  -4.2838900e+03
  -4.2733000e+03
  -4.2627100e+03
  -4.2521200e+03
  -4.2415300e+03
  -4.2309400e+03
  -4.2203500e+03
  -4.2097600e+03
  -4.1991700e+03
  -4.1885800e+03
  -4.1779900e+03
  -4.1674000e+03
  -4.1568100e+03
  -4.1462200e+03
  -4.1356300e+03
  -4.1250400e+03
  -4.1144400e+03
  -4.1038500e+03
  -4.0932600e+03
  -4.0826700e+03
  -4.0720800e+03
  -4.0614900e+03
  -4.0509000e+03
  -4.0403100e+03
  -4.0297200e+03
  -4.0191300e+03
  -4.0085400e+03
  -3.9979500e+03
  -3.9873600e+03
  -3.9767700e+03
  -3.9661800e+03
  -3.9555900e+03
  -3.9449900e+03
  -3.9344000e+03
  -3.9238100e+03
  -3.9132200e+03
  -3.9026300e+03
  -3.8920400e+03
  -3.8814500e+03
  -3.8708600e+03
  -3.8602700e+03
  -3.8496800e+03
  -3.8390900e+03
  -3.8285000e+03
  -3.8179100e+03
  -3.8073200e+03
  -3.7967300e+03
  -3.7861400e+03
  -3.7755500e+03
  -3.7649500e+03
  -3.7543600e+03
  -3.7437700e+03
  -3.7331800e+03
  -3.7225900e+03
  -3.7120000e+03
  -3.7014100e+03
  -3.6908200e+03
  -3.6802300e+03
  -3.6696400e+03
  -3.6590500e+03
  -3.6484600e+03
  -3.6378700e+03
  -3.6272800e+03
  -3.6166900e+03
  -3.6061000e+03
  -3.5955100e+03
  -3.5849100e+03
  -3.5743200e+03
  -3.5637300e+03
  -3.5531400e+03
  -3.5425500e+03
  -3.5319600e+03
  -3.5213700e+03
  -3.5107800e+03
  -3.5001900e+03
  -3.4896000e+03
  -3.4790100e+03
  -3.4684200e+03
  -3.4578300e+03
  -3.4472400e+03
  -3.4366500e+03
  -3.4260600e+03
  -3.4154700e+03
  -3.4048700e+03
  -3.3942800e+03
  -3.3836900e+03
  -3.3731000e+03
  -3.3625100e+03
  -3.3519200e+03
  -3.3413300e+03
  -3.3307400e+03
  -3.3201500e+03
  -3.3095600e+03
  -3.2989700e+03
  -3.2883800e+03
  -3.2777900e+03
  -3.2672000e+03
  -3.2566100e+03
  -3.2460200e+03
  -3.2354300e+03
  -3.2248300e+03
  -3.2142400e+03
  -3.2036500e+03
  -3.1930600e+03
  -3.1824700e+03
  -3.1718800e+03
  -3.1612900e+03
  -3.1507000e+03
  -3.1401100e+03
  -3.1295200e+03
  -3.1189300e+03
  -3.1083400e+03
  -3.0977500e+03
  -3.0871600e+03
  -3.0765700e+03
  -3.0659800e+03
  -3.0553900e+03
  -3.0447900e+03
  -3.0342000e+03
  -3.0236100e+03
  -3.0130200e+03
  -3.0024300e+03
  -2.9918400e+03
  -2.9812500e+03
  -2.9706600e+03
  -2.9600700e+03
  -2.9494800e+03
  -2.9388900e+03
  -2.9283000e+03
  -2.9177100e+03
  -2.9071200e+03
  -2.8965300e+03
  -2.8859400e+03
  -2.8753500e+03
  -2.8647500e+03
  -2.8541600e+03
  -2.8435700e+03
  -2.8329800e+03
  -2.8223900e+03
  -2.8118000e+03
  -2.8012100e+03
  -2.7906200e+03
  -2.7800300e+03
  -2.7694400e+03
  -2.7588500e+03
  -2.7482600e+03
  -2.7376700e+03
  -2.7270800e+03
  -2.7164900e+03
  -2.7059000e+03
  -2.6953100e+03
  -2.6847100e+03
  -2.6741200e+03
  -2.6635300e+03
  -2.6529400e+03
  -2.6423500e+03
  -2.6317600e+03
  -2.6211700e+03
  -2.6105800e+03
  -2.5999900e+03
  -2.5894000e+03
  -2.5788100e+03
  -2.5682200e+03
  -2.5576300e+03
  -2.5470400e+03
  -2.5364500e+03
  -2.5258600e+03
  -2.5152700e+03
  -2.5046700e+03
  -2.4940800e+03
  -2.4834900e+03
  -2.4729000e+03
  -2.4623100e+03
  -2.4517200e+03
  -2.4411300e+03
  -2.4305400e+03
  -2.4199500e+03
  -2.4093600e+03
  -2.3987700e+03
  -2.3881800e+03
  -2.3775900e+03
  -2.3670000e+03
  -2.3564100e+03
  -2.3458200e+03
  -2.3352300e+03
  -2.3246300e+03
  -2.3140400e+03
  -2.3034500e+03
  -2.2928600e+03
  -2.2822700e+03
  -2.2716800e+03
  -2.2610900e+03
  -2.2505000e+03
  -2.2399100e+03
  -2.2293200e+03
  -2.2187300e+03
  -2.2081400e+03
  -2.1975500e+03
  -2.1869600e+03
  -2.1763700e+03
  -2.1657800e+03
  -2.1551900e+03
  -2.1445900e+03
  -2.1340000e+03
  -2.1234100e+03
  -2.1128200e+03
  -2.1022300e+03
  -2.0916400e+03
  -2.0810500e+03
  -2.0704600e+03
  -2.0598700e+03
  -2.0492800e+03
  -2.0386900e+03
  -2.0281000e+03
  -2.0175100e+03
  -2.0069200e+03
  -1.9963300e+03
  -1.9857400e+03
  -1.9751500e+03
  -1.9645500e+03
  -1.9539600e+03
  -1.9433700e+03
  -1.9327800e+03
  -1.9221900e+03
  -1.9116000e+03
  -1.9010100e+03
  -1.8904200e+03
  -1.8798300e+03
  -1.8692400e+03
  -1.8586500e+03
  -1.8480600e+03
  -1.8374700e+03
  -1.8268800e+03
  -1.8162900e+03
  -1.8057000e+03
  -1.7951100e+03
  -1.7845100e+03
  -1.7739200e+03
  -1.7633300e+03
  -1.7527400e+03
  -1.7421500e+03
  -1.7315600e+03
  -1.7209700e+03
  -1.7103800e+03
  -1.6997900e+03
  -1.6892000e+03
  -1.6786100e+03
  -1.6680200e+03
  -1.6574300e+03
  -1.6468400e+03
  -1.6362500e+03
  -1.6256600e+03
  -1.6150700e+03
  -1.6044700e+03
  -1.5938800e+03
  -1.5832900e+03
  -1.5727000e+03
  -1.5621100e+03
  -1.5515200e+03
  -1.5409300e+03
  -1.5303400e+03
  -1.5197500e+03
  -1.5091600e+03
  -1.4985700e+03
  -1.4879800e+03
  -1.4773900e+03
  -1.4668000e+03
  -1.4562100e+03
  -1.4456200e+03
  -1.4350300e+03
  -1.4244300e+03
  -1.4138400e+03
  -1.4032500e+03
  -1.3926600e+03
  -1.3820700e+03
  -1.3714800e+03
  -1.3608900e+03
  -1.3503000e+03
  -1.3397100e+03
  -1.3291200e+03
  -1.3185300e+03
  -1.3079400e+03
  -1.2973500e+03
  -1.2867600e+03
  -1.2761700e+03
  -1.2655800e+03
  -1.2549800e+03
  -1.2443900e+03
  -1.2338000e+03
  -1.2232100e+03
  -1.2126200e+03
  -1.2020300e+03
  -1.1914400e+03
  -1.1808500e+03
  -1.1702600e+03
  -1.1596700e+03
  -1.1490800e+03
  -1.1384900e+03
  -1.1279000e+03
  -1.1173100e+03
  -1.1067200e+03
  -1.0961300e+03
  -1.0855400e+03
  -1.0749400e+03
  -1.0643500e+03
  -1.0537600e+03
  -1.0431700e+03
  -1.0325800e+03
  -1.0219900e+03
  -1.0114000e+03
  -1.0008100e+03
  -9.9022000e+02
  -9.7963000e+02
  -9.6903900e+02
  -9.5844800e+02
  -9.4785800e+02
  -9.3726700e+02
  -9.2667700e+02
  -9.1608600e+02
  -9.0549500e+02
  -8.9490500e+02
  -8.8431400e+02
  -8.7372400e+02
  -8.6313300e+02
  -8.5254300e+02
  -8.4195200e+02
  -8.3136100e+02
  -8.2077100e+02
  -8.1018000e+02
  -7.9959000e+02
  -7.8899900e+02
  -7.7840800e+02
  -7.6781800e+02
  -7.5722700e+02
  -7.4663700e+02
  -7.3604600e+02
  -7.2545500e+02
  -7.1486500e+02
  -7.0427400e+02
  -6.9368400e+02
  -6.8309300e+02
  -6.7250300e+02
  -6.6191200e+02
  -6.5132100e+02
  -6.4073100e+02
  -6.3014000e+02
  -6.1955000e+02
  -6.0895900e+02
  -5.9836800e+02
  -5.8777800e+02
  -5.7718700e+02
  -5.6659700e+02
  -5.5600600e+02
  -5.4541500e+02
  -5.3482500e+02
  -5.2423400e+02
  -5.1364400e+02
  -5.0305300e+02
  -4.9246200e+02
  -4.8187200e+02
  -4.7128100e+02
  -4.6069100e+02
  -4.5010000e+02
  -4.3951000e+02
  -4.2891900e+02
  -4.1832800e+02
  -4.0773800e+02
  -3.9714700e+02
  -3.8655700e+02
  -3.7596600e+02
  -3.6537500e+02
  -3.5478500e+02
  -3.4419400e+02
  -3.3360400e+02
  -3.2301300e+02
  -3.1242200e+02
  -3.0183200e+02
  -2.9124100e+02
  -2.8065100e+02
  -2.7006000e+02
  -2.5946900e+02
  -2.4887900e+02
  -2.3828800e+02
  -2.2769800e+02
  -2.1710700e+02
  -2.0651700e+02
  -1.9592600e+02
  -1.8533500e+02
  -1.7474500e+02
  -1.6415400e+02
  -1.5356400e+02
  -1.4297300e+02
  -1.3238200e+02
  -1.2179200e+02
  -1.1120100e+02
  -1.0061100e+02
  -9.0020000e+01
  -7.9429400e+01
  -6.8838800e+01
  -5.8248200e+01
  -4.7657700e+01
  -3.7067100e+01
  -2.6476500e+01
  -1.5885900e+01
  -5.2953000e+00
   5.2953000e+00
   1.5885900e+01
   2.6476500e+01
   3.7067100e+01
   4.7657700e+01
   5.8248200e+01
   6.8838800e+01
   7.9429400e+01
   9.0020000e+01
   1.0061100e+02
   1.1120100e+02
   1.2179200e+02
   1.3238200e+02
   1.4297300e+02
   1.5356400e+02
   1.6415400e+02
   1.7474500e+02
   1.8533500e+02
   1.9592600e+02
   2.0651700e+02
   2.1710700e+02
   2.2769800e+02
   2.3828800e+02
   2.4887900e+02
   2.5946900e+02
   2.7006000e+02
   2.8065100e+02
   2.9124100e+02
   3.0183200e+02
   3.1242200e+02
   3.2301300e+02
   3.3360400e+02
   3.4419400e+02
   3.5478500e+02
   3.6537500e+02
   3.7596600e+02
   3.8655700e+02
   3.9714700e+02
   4.0773800e+02
   4.1832800e+02
   4.2891900e+02
   4.3951000e+02
   4.5010000e+02
   4.6069100e+02
   4.7128100e+02
   4.8187200e+02
   4.9246200e+02
   5.0305300e+02
   5.1364400e+02
   5.2423400e+02
   5.3482500e+02
   5.4541500e+02
   5.5600600e+02
   5.6659700e+02
   5.7718700e+02
   5.8777800e+02
   5.9836800e+02
   6.0895900e+02
   6.1955000e+02
   6.3014000e+02
   6.4073100e+02
   6.5132100e+02
   6.6191200e+02
   6.7250300e+02
   6.8309300e+02
   6.9368400e+02
   7.0427400e+02
   7.1486500e+02
   7.2545500e+02
   7.3604600e+02
   7.4663700e+02
   7.5722700e+02
   7.6781800e+02
   7.7840800e+02
   7.8899900e+02
   7.9959000e+02
   8.1018000e+02
   8.2077100e+02
   8.3136100e+02
   8.4195200e+02
   8.5254300e+02
   8.6313300e+02
   8.7372400e+02
   8.8431400e+02
   8.9490500e+02
   9.0549500e+02
   9.1608600e+02
   9.2667700e+02
   9.3726700e+02
   9.4785800e+02
   9.5844800e+02
   9.6903900e+02
   9.7963000e+02
   9.9022000e+02
   1.0008100e+03
   1.0114000e+03
   1.0219900e+03
   1.0325800e+03
   1.0431700e+03
   1.0537600e+03
   1.0643500e+03
   1.0749400e+03
   1.0855400e+03
   1.0961300e+03
   1.1067200e+03
   1.1173100e+03
   1.1279000e+03
   1.1384900e+03
   1.1490800e+03
   1.1596700e+03
   1.1702600e+03
   1.1808500e+03
   1.1914400e+03
   1.2020300e+03
   1.2126200e+03
   1.2232100e+03
   1.2338000e+03
   1.2443900e+03
   1.2549800e+03
   1.2655800e+03
   1.2761700e+03
   1.2867600e+03
   1.2973500e+03
   1.3079400e+03
   1.3185300e+03
   1.3291200e+03
   1.3397100e+03
   1.3503000e+03
   1.3608900e+03
   1.3714800e+03
   1.3820700e+03
   1.3926600e+03
   1.4032500e+03
   1.4138400e+03
   1.4244300e+03
   1.4350300e+03
   1.4456200e+03
   1.4562100e+03
   1.4668000e+03
   1.4773900e+03
   1.4879800e+03
   1.4985700e+03
   1.5091600e+03
   1.5197500e+03
   1.5303400e+03
   1.5409300e+03
   1.5515200e+03
   1.5621100e+03
   1.5727000e+03
   1.5832900e+03
   1.5938800e+03
   1.6044700e+03
   1.6150700e+03
   1.6256600e+03
   1.6362500e+03
   1.6468400e+03
   1.6574300e+03
   1.6680200e+03
   1.6786100e+03
   1.6892000e+03
   1.6997900e+03
   1.7103800e+03
   1.7209700e+03
   1.7315600e+03
   1.7421500e+03
   1.7527400e+03
   1.7633300e+03
   1.7739200e+03
   1.7845100e+03
   1.7951100e+03
   1.8057000e+03
   1.8162900e+03
   1.8268800e+03
   1.8374700e+03
   1.8480600e+03
   1.8586500e+03
   1.8692400e+03
   1.8798300e+03
   1.8904200e+03
   1.9010100e+03
   1.9116000e+03
   1.9221900e+03
   1.9327800e+03
   1.9433700e+03
   1.9539600e+03
   1.9645500e+03
   1.9751500e+03
   1.9857400e+03
   1.9963300e+03
   2.0069200e+03
   2.0175100e+03
   2.0281000e+03
   2.0386900e+03
   2.0492800e+03
   2.0598700e+03
   2.0704600e+03
   2.0810500e+03
   2.0916400e+03
   2.1022300e+03
   2.1128200e+03
   2.1234100e+03
   2.1340000e+03
   2.1445900e+03
   2.1551900e+03
   2.1657800e+03
   2.1763700e+03
   2.1869600e+03
   2.1975500e+03
   2.2081400e+03
   2.2187300e+03
   2.2293200e+03
   2.2399100e+03
   2.2505000e+03
   2.2610900e+03
   2.2716800e+03
   2.2822700e+03
   2.2928600e+03
   2.3034500e+03
   2.3140400e+03
   2.3246300e+03
   2.3352300e+03
   2.3458200e+03
   2.3564100e+03
   2.3670000e+03
   2.3775900e+03
   2.3881800e+03
   2.3987700e+03
   2.4093600e+03
   2.4199500e+03
   2.4305400e+03
   2.4411300e+03
   2.4517200e+03
   2.4623100e+03
   2.4729000e+03
   2.4834900e+03
   2.4940800e+03
   2.5046700e+03
   2.5152700e+03
   2.5258600e+03
   2.5364500e+03
   2.5470400e+03
   2.5576300e+03
   2.5682200e+03
   2.5788100e+03
   2.5894000e+03
   2.5999900e+03
   2.6105800e+03
   2.6211700e+03
   2.6317600e+03
   2.6423500e+03
   2.6529400e+03
   2.6635300e+03
   2.6741200e+03
   2.6847100e+03
   2.6953100e+03
   2.7059000e+03
   2.7164900e+03
   2.7270800e+03
   2.7376700e+03
   2.7482600e+03
   2.7588500e+03
   2.7694400e+03
   2.7800300e+03
   2.7906200e+03
   2.8012100e+03
   2.8118000e+03
   2.8223900e+03
   2.8329800e+03
   2.8435700e+03
   2.8541600e+03
   2.8647500e+03
   2.8753500e+03
   2.8859400e+03
   2.8965300e+03
   2.9071200e+03
   2.9177100e+03
   2.9283000e+03
   2.9388900e+03
   2.9494800e+03
   2.9600700e+03
   2.9706600e+03
   2.9812500e+03
   2.9918400e+03
   3.0024300e+03
   3.0130200e+03
   3.0236100e+03
   3.0342000e+03
   3.0447900e+03
   3.0553900e+03
   3.0659800e+03
   3.0765700e+03
   3.0871600e+03
   3.0977500e+03
   3.1083400e+03
   3.1189300e+03
   3.1295200e+03
   3.1401100e+03
   3.1507000e+03
   3.1612900e+03
   3.1718800e+03
   3.1824700e+03
   3.1930600e+03
   3.2036500e+03
   3.2142400e+03
   3.2248300e+03
   3.2354300e+03
   3.2460200e+03
   3.2566100e+03
   3.2672000e+03
   3.2777900e+03
   3.2883800e+03
   3.2989700e+03
   3.3095600e+03
   3.3201500e+03
   3.3307400e+03
   3.3413300e+03
   3.3519200e+03
   3.3625100e+03
   3.3731000e+03
   3.3836900e+03
   3.3942800e+03
   3.4048700e+03
   3.4154700e+03
   3.4260600e+03
   3.4366500e+03
   3.4472400e+03
   3.4578300e+03
   3.4684200e+03
   3.4790100e+03
   3.4896000e+03
   3.5001900e+03
   3.5107800e+03
   3.5213700e+03
   3.5319600e+03
   3.5425500e+03
   3.5531400e+03
   3.5637300e+03
   3.5743200e+03
   3.5849100e+03
   3.5955100e+03
   3.6061000e+03
   3.6166900e+03
   3.6272800e+03
   3.6378700e+03
   3.6484600e+03
   3.6590500e+03
   3.6696400e+03
   3.6802300e+03
   3.6908200e+03
   3.7014100e+03
   3.7120000e+03
   3.7225900e+03
   3.7331800e+03
   3.7437700e+03
   3.7543600e+03
   3.7649500e+03
   3.7755500e+03
   3.7861400e+03
   3.7967300e+03
   3.8073200e+03
   3.8179100e+03
   3.8285000e+03
   3.8390900e+03
   3.8496800e+03
   3.8602700e+03
   3.8708600e+03
   3.8814500e+03
   3.8920400e+03
   3.9026300e+03
   3.9132200e+03
   3.9238100e+03
   3.9344000e+03
   3.9449900e+03
   3.9555900e+03
   3.9661800e+03
   3.9767700e+03
   3.9873600e+03
   3.9979500e+03
   4.0085400e+03
   4.0191300e+03
   4.0297200e+03
   4.0403100e+03
   4.0509000e+03
   4.0614900e+03
   4.0720800e+03
   4.0826700e+03
   4.0932600e+03
   4.1038500e+03
   4.1144400e+03
   4.1250400e+03
   4.1356300e+03
   4.1462200e+03
   4.1568100e+03
   4.1674000e+03
   4.1779900e+03
   4.1885800e+03
   4.1991700e+03
   4.2097600e+03
   4.2203500e+03
   4.2309400e+03
   4.2415300e+03
   4.2521200e+03
   4.2627100e+03
   4.2733000e+03
   4.2838900e+03
   4.2944800e+03
   4.3050800e+03
   4.3156700e+03
   4.3262600e+03
   4.3368500e+03
   4.3474400e+03
   4.3580300e+03
   4.3686200e+03
   4.3792100e+03
   4.3898000e+03
   4.4003900e+03
   4.4109800e+03
   4.4215700e+03
   4.4321600e+03
   4.4427500e+03
   4.4533400e+03
   4.4639300e+03
   4.4745200e+03
   4.4851200e+03
   4.4957100e+03
   4.5063000e+03
   4.5168900e+03
   4.5274800e+03
   4.5380700e+03
   4.5486600e+03
   4.5592500e+03
   4.5698400e+03
   4.5804300e+03
   4.5910200e+03
   4.6016100e+03
   4.6122000e+03
   4.6227900e+03
   4.6333800e+03
   4.6439700e+03
   4.6545600e+03
   4.6651600e+03
   4.6757500e+03
   4.6863400e+03
   4.6969300e+03
   4.7075200e+03
   4.7181100e+03
   4.7287000e+03
   4.7392900e+03
   4.7498800e+03
   4.7604700e+03
   4.7710600e+03
   4.7816500e+03
   4.7922400e+03
   4.8028300e+03
   4.8134200e+03
   4.8240100e+03
   4.8346000e+03
   4.8452000e+03
   4.8557900e+03
   4.8663800e+03
   4.8769700e+03
   4.8875600e+03
   4.8981500e+03
   4.9087400e+03
   4.9193300e+03
   4.9299200e+03
   4.9405100e+03
   4.9511000e+03
   4.9616900e+03
   4.9722800e+03
   4.9828700e+03
   4.9934600e+03
   5.0040500e+03
   5.0146400e+03
   5.0252400e+03
   5.0358300e+03
   5.0464200e+03
   5.0570100e+03
   5.0676000e+03
   5.0781900e+03
   5.0887800e+03
   5.0993700e+03
   5.1099600e+03
   5.1205500e+03
   5.1311400e+03
   5.1417300e+03
   5.1523200e+03
   5.1629100e+03
   5.1735000e+03
   5.1840900e+03
   5.1946800e+03
   5.2052800e+03
   5.2158700e+03
   5.2264600e+03
   5.2370500e+03
   5.2476400e+03
   5.2582300e+03
   5.2688200e+03
   5.2794100e+03
   5.2900000e+03
