   1.0653000e+04
   8.7670000e+03
   9.2200000e+03
   1.0157000e+04
   9.0330000e+03
   9.9740000e+03
   9.1300000e+03
   9.1400000e+03
   8.5440000e+03
   1.0278000e+04
   1.0213000e+04
   1.1402000e+04
   1.3333000e+04
   1.5666000e+04
   1.4457000e+04
   1.5522000e+04
   1.5855000e+04
   2.2628000e+04
   2.3951000e+04
   2.5657000e+04
   3.1620000e+04
   3.5941000e+04
   4.1279000e+04
   4.2512000e+04
   4.9826000e+04
   5.5696000e+04
   5.5927000e+04
   6.2336000e+04
   6.1482000e+04
   6.8070000e+04
   6.7015000e+04
   6.5247000e+04
   6.3979000e+04
   5.6323000e+04
   5.6266000e+04
   5.2281000e+04
   4.7455000e+04
   4.3590000e+04
   3.8631000e+04
   3.6184000e+04
   3.1572000e+04
   3.3642000e+04
   2.6108000e+04
   2.4277000e+04
   2.2064000e+04
   1.9443000e+04
   1.4355000e+04
   1.3060000e+04
   1.1910000e+04
   1.1512000e+04
