   9.1730688e-04
   1.5703714e-03
   1.7440166e-03
   1.2368241e-03
   1.9336627e-03
   2.1603243e-03
   2.0145615e-03
   7.6605145e-04
   3.1319340e-03
   1.8395575e-03
   3.8054358e-03
   3.6020448e-03
   3.0518652e-03
   4.7909580e-03
   2.6293784e-03
   4.1753107e-03
   5.4243235e-03
   4.4285213e-03
   5.2617145e-03
   4.2122255e-03
   6.1548075e-03
   6.0012964e-03
   5.7933191e-03
   7.6400680e-03
   7.1502090e-03
   9.2515017e-03
   8.1630939e-03
   9.8274596e-03
   1.0038245e-02
   1.0056863e-02
   9.6949965e-03
   1.0438000e-02
   1.1991261e-02
   1.1110461e-02
   1.4191307e-02
   1.4216505e-02
   1.3288854e-02
   1.4566925e-02
   1.4648720e-02
   1.4908607e-02
   1.4498170e-02
   1.6516661e-02
   1.4872322e-02
   1.6563848e-02
   1.7506997e-02
   1.6264373e-02
   1.6309220e-02
   1.7256636e-02
   1.5914331e-02
   1.7220175e-02
   1.6374949e-02
   1.8380392e-02
   1.9293099e-02
   1.6586859e-02
   1.8910185e-02
   1.9190985e-02
   1.9463282e-02
   1.6012269e-02
   1.8670409e-02
   1.8444871e-02
   1.9711687e-02
   2.0259360e-02
   1.8434984e-02
   1.9388974e-02
   1.8024111e-02
   1.7439012e-02
   1.5306348e-02
   1.7802765e-02
   1.5942667e-02
   1.6968834e-02
   1.5032030e-02
   1.6415117e-02
   1.5269659e-02
   1.5998408e-02
   1.4593441e-02
   1.6491797e-02
   1.4943676e-02
   1.3718268e-02
   1.4446294e-02
   1.4011237e-02
   1.4078557e-02
   1.2591252e-02
   1.4018030e-02
   1.4555579e-02
   1.3307151e-02
   9.9930304e-03
   1.2703463e-02
   1.1228089e-02
   1.1251730e-02
   1.0219355e-02
   8.3837011e-03
   9.8369766e-03
   7.4143458e-03
   8.5848854e-03
   7.9145952e-03
   7.8768757e-03
   7.1703008e-03
   7.3471582e-03
   4.6229059e-03
   5.3891127e-03
