   1.9740000e+03
   2.4980000e+03
   3.9000000e+01
   1.4240000e+03
   4.3000000e+01
   1.0090000e+03
   1.7970000e+03
   3.3000000e+01
   2.0020000e+03
   3.8000000e+01
   1.3350000e+03
   3.4000000e+01
   1.7930000e+03
   1.4640000e+03
   3.3000000e+01
   1.6100000e+03
   4.3000000e+01
   1.2650000e+03
   3.0000000e+01
   2.3300000e+03
   7.6900000e+02
   3.3000000e+01
   2.3530000e+03
   4.5000000e+01
   3.3680000e+03
   3.2000000e+01
   4.9600000e+02
   9.2300000e+02
   4.9000000e+01
   9.1100000e+02
   4.3000000e+01
   9.0600000e+02
   4.3000000e+01
   1.1490000e+03
   1.4150000e+03
   6.7000000e+01
   3.8030000e+03
   5.6000000e+01
   1.1620000e+03
   1.8250000e+03
   5.2000000e+01
   1.9100000e+03
   7.7000000e+01
   1.5680000e+03
   8.0000000e+01
   1.0330000e+03
   3.2380000e+03
   4.8000000e+01
   3.1700000e+02
   6.7000000e+01
   2.6130000e+03
   7.4000000e+01
   5.9000000e+02
   1.5980000e+03
   8.6000000e+01
   1.1460000e+03
   5.9000000e+01
   1.7380000e+03
   6.5000000e+01
   3.0010000e+03
   3.1170000e+03
   7.6000000e+01
   2.0510000e+03
   9.2000000e+01
   1.1030000e+03
   9.2000000e+01
   1.7320000e+03
   1.4700000e+03
   8.0000000e+01
   9.1400000e+02
   9.8000000e+01
   1.7650000e+03
   7.9000000e+01
   1.6790000e+03
   1.9790000e+03
   8.7000000e+01
   9.2700000e+02
   8.9000000e+01
   1.2160000e+03
   3.5740000e+03
   7.6000000e+01
   3.3080000e+03
   1.1000000e+02
   1.3060000e+03
   1.0500000e+02
   1.6940000e+03
   1.6110000e+03
   9.6000000e+01
   1.3250000e+03
   9.9000000e+01
   2.4800000e+03
   1.1900000e+02
   1.4420000e+03
   1.0490000e+03
   8.4000000e+01
   1.6480000e+03
   1.0400000e+02
   5.1000000e+02
   8.7000000e+01
   2.1900000e+03
   1.5450000e+03
   9.2000000e+01
   9.4600000e+02
   1.1400000e+02
   1.6860000e+03
   1.0200000e+02
   1.5320000e+03
   2.9780000e+03
   1.2000000e+02
   2.2620000e+03
   1.4000000e+02
   2.0510000e+03
   1.3000000e+02
   2.8900000e+03
   8.9900000e+02
   1.5600000e+02
   5.7900000e+02
   1.4900000e+02
   7.6600000e+02
   2.2980000e+03
   1.0500000e+02
   5.9000000e+02
   1.3900000e+02
   1.3070000e+03
   1.7100000e+02
   7.0400000e+02
   1.7650000e+03
   1.2300000e+02
   1.1770000e+03
   1.5700000e+02
   2.4930000e+03
   1.6600000e+02
   1.0870000e+03
   2.2110000e+03
   1.5600000e+02
   3.2720000e+03
   1.6300000e+02
   3.9900000e+02
   1.5000000e+02
   3.1390000e+03
   1.9650000e+03
   1.4300000e+02
   1.4780000e+03
   1.9100000e+02
   6.2600000e+02
   1.8400000e+02
   1.1000000e+03
   3.8200000e+02
   1.9000000e+02
   1.7850000e+03
   2.1700000e+02
   1.6510000e+03
   1.6900000e+02
   2.5160000e+03
   1.0300000e+03
   1.9100000e+02
   1.1410000e+03
   2.1100000e+02
   2.0010000e+03
   2.2810000e+03
   1.7700000e+02
   1.9800000e+03
   2.4000000e+02
   1.8510000e+03
   2.2400000e+02
   5.2800000e+02
   8.9100000e+02
   1.9100000e+02
   2.3350000e+03
   2.2100000e+02
   1.3140000e+03
   2.3000000e+02
   2.0070000e+03
   1.3360000e+03
   2.3400000e+02
   1.1120000e+03
   2.4400000e+02
   2.3610000e+03
   2.5000000e+02
   1.1790000e+03
   1.2800000e+03
   1.9700000e+02
   2.4360000e+03
   2.6500000e+02
   2.2050000e+03
   2.4900000e+02
   2.7580000e+03
   4.4900000e+02
   3.3000000e+02
   1.3600000e+03
   3.2700000e+02
   1.6270000e+03
   2.5900000e+02
   1.0900000e+03
   2.2150000e+03
   3.3900000e+02
   1.0620000e+03
   3.4700000e+02
   1.2170000e+03
   2.2520000e+03
   3.1200000e+02
   1.8730000e+03
   4.3100000e+02
   1.2060000e+03
   3.8800000e+02
   1.5260000e+03
   2.4240000e+03
   3.5500000e+02
   8.5000000e+02
   4.1000000e+02
   9.6500000e+02
   4.4200000e+02
   1.3140000e+03
   1.6000000e+03
   3.9400000e+02
   3.3060000e+03
   4.4800000e+02
   1.3060000e+03
   4.1000000e+02
   1.3350000e+03
   1.7910000e+03
   4.3800000e+02
   1.4350000e+03
   5.4500000e+02
   2.3990000e+03
   4.2900000e+02
   2.0360000e+03
   1.8460000e+03
   5.5600000e+02
   1.4550000e+03
   5.7200000e+02
   1.6330000e+03
   5.0000000e+02
   2.1480000e+03
   1.5120000e+03
   6.3200000e+02
   1.7410000e+03
   6.0400000e+02
   1.5980000e+03
   2.9030000e+03
   5.3400000e+02
   1.5510000e+03
   6.9400000e+02
   2.3040000e+03
   6.7700000e+02
   1.8670000e+03
   3.8150000e+03
   5.8200000e+02
   2.4820000e+03
   7.1600000e+02
   1.3910000e+03
   7.1100000e+02
   1.6910000e+03
   2.7130000e+03
   6.5200000e+02
   3.2270000e+03
   7.5100000e+02
   1.0410000e+03
   6.8600000e+02
   2.4390000e+03
   1.8160000e+03
   7.1100000e+02
   2.2380000e+03
   8.3400000e+02
   1.7050000e+03
   8.4700000e+02
   2.2460000e+03
   2.6970000e+03
   9.1300000e+02
   2.9950000e+03
   9.3300000e+02
   1.8550000e+03
   7.8800000e+02
   4.0050000e+03
   3.9390000e+03
   9.6500000e+02
   1.1590000e+03
   9.7300000e+02
   1.7830000e+03
   4.1070000e+03
   8.7700000e+02
   2.2740000e+03
   1.0950000e+03
   1.6850000e+03
   1.1000000e+03
   2.3460000e+03
   4.0920000e+03
   9.0800000e+02
   2.2230000e+03
   1.1830000e+03
   2.2830000e+03
   1.2110000e+03
   1.8400000e+03
   3.0280000e+03
   1.0500000e+03
   3.4850000e+03
   1.2370000e+03
   2.6830000e+03
   1.1570000e+03
   2.9940000e+03
   2.1060000e+03
   1.2270000e+03
   2.2410000e+03
   1.3440000e+03
   2.6130000e+03
   1.2170000e+03
   2.0540000e+03
   2.3700000e+03
   1.5120000e+03
   2.5720000e+03
   1.4410000e+03
   1.3030000e+03
   1.2550000e+03
   3.8180000e+03
   1.9970000e+03
   1.6310000e+03
   2.5020000e+03
   1.6600000e+03
   2.8450000e+03
   3.0380000e+03
   1.3620000e+03
   3.4200000e+03
   1.7650000e+03
   2.0680000e+03
   1.7450000e+03
   1.9400000e+03
   3.0420000e+03
   1.5330000e+03
   2.2910000e+03
   1.9110000e+03
   1.5010000e+03
   1.9410000e+03
   3.1890000e+03
   4.1730000e+03
   1.6900000e+03
   2.6960000e+03
   1.9840000e+03
   2.8080000e+03
   1.7590000e+03
   1.6500000e+03
   5.5470000e+03
   1.7790000e+03
   2.9400000e+03
   2.1510000e+03
   3.4440000e+03
   1.9020000e+03
   5.2270000e+03
   2.9130000e+03
   2.2600000e+03
   2.9110000e+03
   2.2860000e+03
   2.8700000e+03
   2.0040000e+03
   4.6190000e+03
   2.7080000e+03
   2.3850000e+03
   2.5980000e+03
   2.5450000e+03
   3.0450000e+03
   3.9400000e+03
   1.9390000e+03
   3.0880000e+03
   2.6700000e+03
   3.6310000e+03
   2.6830000e+03
   3.1060000e+03
   4.3170000e+03
   2.2120000e+03
   2.7240000e+03
   2.8310000e+03
   3.0570000e+03
   2.8400000e+03
   3.6120000e+03
   5.1690000e+03
   2.4750000e+03
   4.0830000e+03
   2.9160000e+03
   3.4170000e+03
   2.6240000e+03
   4.5010000e+03
   2.4730000e+03
   2.6530000e+03
   4.0860000e+03
   3.1540000e+03
   3.3930000e+03
   2.8140000e+03
   4.5350000e+03
   3.4670000e+03
   3.1930000e+03
   2.7780000e+03
   3.3800000e+03
   3.8430000e+03
   2.9060000e+03
   5.6220000e+03
   4.0490000e+03
   3.4330000e+03
   2.7090000e+03
   3.5410000e+03
   3.4970000e+03
   5.2500000e+03
   2.9190000e+03
   4.9660000e+03
   3.7300000e+03
   3.9550000e+03
   3.6930000e+03
   3.8570000e+03
   6.3910000e+03
   3.2550000e+03
   3.6780000e+03
   3.7890000e+03
   4.3360000e+03
   3.9470000e+03
   4.5320000e+03
   5.9050000e+03
   3.4270000e+03
   3.4270000e+03
   3.8970000e+03
   3.8120000e+03
   3.6430000e+03
   7.0670000e+03
   5.1100000e+03
   3.6390000e+03
   5.1050000e+03
   4.3440000e+03
   4.2990000e+03
   3.6570000e+03
   6.6380000e+03
   4.2600000e+03
   4.4500000e+03
   3.2510000e+03
   4.5290000e+03
   5.3970000e+03
   3.7470000e+03
   6.6230000e+03
   4.7230000e+03
   4.5420000e+03
   3.9690000e+03
   4.7230000e+03
   5.4400000e+03
   4.0410000e+03
   7.0390000e+03
   5.5480000e+03
   4.7990000e+03
   3.9180000e+03
   4.7990000e+03
   4.7000000e+03
   7.9680000e+03
   4.1780000e+03
   4.1480000e+03
   5.0130000e+03
   3.2130000e+03
   4.9890000e+03
   3.9630000e+03
   7.5260000e+03
   4.2490000e+03
   4.8600000e+03
   5.0970000e+03
   5.5520000e+03
   4.4260000e+03
   7.8350000e+03
   4.4370000e+03
   4.3920000e+03
   4.8450000e+03
   4.9910000e+03
   6.2880000e+03
   4.4210000e+03
   8.1970000e+03
   4.7000000e+03
   5.5510000e+03
   4.3560000e+03
   5.1510000e+03
   4.0600000e+03
   4.5100000e+03
   8.7600000e+03
   5.3370000e+03
   5.3510000e+03
   4.1360000e+03
   5.4270000e+03
   4.9220000e+03
   4.6720000e+03
   8.4900000e+03
   6.1510000e+03
   5.7170000e+03
   4.3460000e+03
   5.7970000e+03
   5.1360000e+03
   8.6630000e+03
   4.7670000e+03
   4.9210000e+03
   5.6560000e+03
   3.9720000e+03
   5.8430000e+03
   4.7990000e+03
   8.6150000e+03
   5.0610000e+03
   6.5860000e+03
   5.9160000e+03
   5.3830000e+03
   4.9570000e+03
   7.6030000e+03
   7.8160000e+03
   5.0520000e+03
   5.1390000e+03
   5.8010000e+03
   5.3630000e+03
   5.3910000e+03
   9.0380000e+03
   5.6630000e+03
   6.2840000e+03
   4.9590000e+03
   6.1450000e+03
   5.7790000e+03
   5.2770000e+03
   9.0120000e+03
   5.7100000e+03
   6.0580000e+03
   5.0550000e+03
   6.2000000e+03
   5.4360000e+03
   9.8280000e+03
   5.0710000e+03
   5.9920000e+03
   6.1260000e+03
   4.7220000e+03
   6.5230000e+03
   5.4580000e+03
   8.5820000e+03
   4.8700000e+03
   5.7940000e+03
   6.3070000e+03
   4.6120000e+03
   6.3420000e+03
   4.9770000e+03
   8.3740000e+03
   5.4620000e+03
   5.8360000e+03
   6.1610000e+03
   5.5420000e+03
   5.3870000e+03
   6.1170000e+03
   9.8050000e+03
   5.4180000e+03
   4.9560000e+03
   6.4940000e+03
   5.9320000e+03
   5.4300000e+03
   9.7600000e+03
   5.7700000e+03
   6.2850000e+03
   4.6290000e+03
   6.3340000e+03
   5.3160000e+03
   5.5780000e+03
   9.3880000e+03
   5.6260000e+03
   6.0630000e+03
   3.8360000e+03
   6.5150000e+03
   6.0530000e+03
   8.3880000e+03
   5.2560000e+03
   6.2240000e+03
   6.4280000e+03
   6.2160000e+03
   6.2390000e+03
   5.0920000e+03
   9.7960000e+03
   5.2100000e+03
   5.4200000e+03
   6.1660000e+03
   4.8890000e+03
   6.1190000e+03
   5.5030000e+03
   9.0000000e+03
   5.4840000e+03
   5.2250000e+03
   6.2750000e+03
   5.8870000e+03
   5.3000000e+03
   5.9490000e+03
   1.0466000e+04
   5.1780000e+03
   4.6560000e+03
   6.0250000e+03
   5.2230000e+03
   5.4350000e+03
   9.7050000e+03
   6.7920000e+03
   6.1200000e+03
   5.9960000e+03
   6.2000000e+03
   5.9730000e+03
   5.1820000e+03
   8.9220000e+03
   5.4660000e+03
   5.9710000e+03
   4.2560000e+03
   6.0160000e+03
   7.1940000e+03
   9.2230000e+03
   4.6480000e+03
   5.6280000e+03
   6.0940000e+03
   5.3980000e+03
   5.7600000e+03
   5.0320000e+03
   9.3880000e+03
   5.0350000e+03
   6.6950000e+03
   5.6710000e+03
   4.2520000e+03
   5.5680000e+03
   5.1120000e+03
   8.8270000e+03
   4.9220000e+03
   6.2180000e+03
   5.7200000e+03
   6.8920000e+03
   4.7520000e+03
   8.5780000e+03
   6.3840000e+03
   4.8290000e+03
   4.8040000e+03
   5.6040000e+03
   5.9550000e+03
   4.7700000e+03
   9.4880000e+03
   6.2000000e+03
   5.5120000e+03
   4.8690000e+03
   5.4730000e+03
   6.8020000e+03
   4.4780000e+03
   8.2520000e+03
   6.5690000e+03
   5.5540000e+03
   4.2640000e+03
   5.1790000e+03
   4.2920000e+03
   4.2880000e+03
   7.4310000e+03
   6.7840000e+03
   5.2900000e+03
   3.8900000e+03
   5.2670000e+03
   4.8430000e+03
   8.7590000e+03
   4.3820000e+03
   5.6890000e+03
   5.1170000e+03
   3.4150000e+03
   5.1260000e+03
   4.6110000e+03
   6.6340000e+03
   4.4110000e+03
   4.0910000e+03
   4.9230000e+03
   6.1970000e+03
   4.1400000e+03
   7.7350000e+03
   4.1510000e+03
   4.1210000e+03
   4.5520000e+03
   4.8990000e+03
   4.4380000e+03
   3.8590000e+03
   7.9460000e+03
   4.5560000e+03
   4.7700000e+03
   3.9180000e+03
   4.5340000e+03
   4.0190000e+03
   3.8640000e+03
   7.2780000e+03
   4.0290000e+03
   4.3280000e+03
   4.1750000e+03
   4.6200000e+03
   3.8790000e+03
   3.6030000e+03
   6.6680000e+03
   4.9990000e+03
   4.4360000e+03
   3.6560000e+03
   4.3310000e+03
   4.2230000e+03
   6.4150000e+03
   3.6540000e+03
   3.6240000e+03
   4.0950000e+03
   3.1530000e+03
   4.2440000e+03
   5.7260000e+03
   5.3480000e+03
   3.2650000e+03
   4.7790000e+03
   3.9300000e+03
   3.5890000e+03
   3.4920000e+03
   6.7900000e+03
   5.8100000e+03
   3.3650000e+03
   4.0210000e+03
   3.8030000e+03
   4.7390000e+03
   3.4100000e+03
   5.7650000e+03
   3.6780000e+03
   3.7180000e+03
   4.1370000e+03
   3.7410000e+03
   4.1550000e+03
   3.1410000e+03
   6.2240000e+03
   3.9790000e+03
   3.6650000e+03
   2.7890000e+03
   3.6840000e+03
   3.2680000e+03
   6.0390000e+03
   3.0050000e+03
   2.7180000e+03
   3.4420000e+03
   3.2740000e+03
   3.5990000e+03
   3.1000000e+03
   5.4980000e+03
   2.9310000e+03
   2.8580000e+03
   3.3870000e+03
   4.7680000e+03
   3.4180000e+03
   3.0980000e+03
   5.5320000e+03
   2.8290000e+03
   4.6890000e+03
   3.1550000e+03
   3.2480000e+03
   2.7820000e+03
   6.6460000e+03
   3.6700000e+03
   2.7190000e+03
   2.9680000e+03
   3.0720000e+03
   3.1980000e+03
   2.6370000e+03
   5.9880000e+03
   4.5770000e+03
   3.0220000e+03
   1.9750000e+03
   2.7480000e+03
   3.4290000e+03
   2.5030000e+03
   5.1690000e+03
   3.8240000e+03
   2.8830000e+03
   2.6700000e+03
   2.9610000e+03
   3.7220000e+03
   4.3070000e+03
   2.2980000e+03
   3.0450000e+03
   2.6210000e+03
   3.5120000e+03
   2.7650000e+03
   4.4220000e+03
   4.7450000e+03
   2.2120000e+03
   3.0340000e+03
   2.6800000e+03
   2.5810000e+03
   2.6310000e+03
   3.5520000e+03
   5.0100000e+03
   2.2170000e+03
   2.6260000e+03
   2.3030000e+03
   2.9810000e+03
   2.0400000e+03
   3.1560000e+03
   4.1580000e+03
   2.0980000e+03
   3.2700000e+03
   2.2990000e+03
   2.3370000e+03
   2.0610000e+03
   3.8470000e+03
   2.0140000e+03
   2.2760000e+03
   1.5480000e+03
   2.2020000e+03
   2.4920000e+03
   1.8300000e+03
   3.6670000e+03
   5.9060000e+03
   2.1730000e+03
   2.5890000e+03
   2.1780000e+03
   2.5450000e+03
   4.1940000e+03
   1.7450000e+03
   3.5290000e+03
   2.0160000e+03
   3.4230000e+03
   1.9340000e+03
   1.9960000e+03
   3.1640000e+03
   1.6300000e+03
   2.2590000e+03
   2.0010000e+03
   2.5510000e+03
   1.9760000e+03
   2.6290000e+03
   3.6880000e+03
   1.6960000e+03
   2.4310000e+03
   1.8650000e+03
   2.8730000e+03
   1.6660000e+03
   3.4820000e+03
   4.9800000e+03
   1.5320000e+03
   3.4700000e+03
   1.8620000e+03
   2.1270000e+03
   1.5210000e+03
   4.2030000e+03
   3.3290000e+03
   1.7270000e+03
   2.2640000e+03
   1.7000000e+03
   2.1340000e+03
   1.4030000e+03
   5.0810000e+03
   2.6190000e+03
   1.5670000e+03
   2.2400000e+03
   1.5840000e+03
   2.8580000e+03
   2.9560000e+03
   1.2510000e+03
   3.8420000e+03
   1.5490000e+03
   1.6130000e+03
   1.5220000e+03
   3.1720000e+03
   3.6000000e+03
   1.3110000e+03
   1.3620000e+03
   1.4320000e+03
   2.3470000e+03
   1.4020000e+03
   2.4660000e+03
   2.7890000e+03
   1.1310000e+03
   2.9940000e+03
   1.3440000e+03
   1.5100000e+03
   1.1740000e+03
   2.5800000e+03
   2.9770000e+03
   1.0470000e+03
   2.5240000e+03
   1.2910000e+03
   1.9550000e+03
   1.0750000e+03
   3.7800000e+03
   3.1590000e+03
   1.1830000e+03
   1.9820000e+03
   1.2170000e+03
   4.6780000e+03
   9.9500000e+02
   2.9070000e+03
   2.4670000e+03
   1.1800000e+03
   1.6750000e+03
   1.1080000e+03
   9.8200000e+02
   9.6000000e+02
   3.1350000e+03
   3.8050000e+03
   1.1200000e+03
   3.3890000e+03
   1.0730000e+03
   2.5690000e+03
   2.9360000e+03
   9.0100000e+02
   1.1850000e+03
   9.7200000e+02
   1.9460000e+03
   9.9300000e+02
   2.1160000e+03
   2.4270000e+03
   7.8900000e+02
   1.8570000e+03
   9.4300000e+02
   1.8080000e+03
   7.8100000e+02
   2.7490000e+03
   2.5860000e+03
   7.2500000e+02
   3.4280000e+03
   9.1300000e+02
   1.7500000e+03
   7.5900000e+02
   3.2200000e+03
   2.3020000e+03
   8.3500000e+02
   1.4460000e+03
   8.3900000e+02
   1.8160000e+03
   7.0300000e+02
   2.1600000e+03
   3.2160000e+03
   6.6700000e+02
   1.4320000e+03
   7.3200000e+02
   1.9020000e+03
   1.4380000e+03
   5.8300000e+02
   1.3260000e+03
   7.1800000e+02
   1.4390000e+03
   6.9200000e+02
   8.2400000e+02
   1.6330000e+03
   6.0400000e+02
   1.9440000e+03
   6.8200000e+02
   2.3000000e+03
   6.7300000e+02
   2.0990000e+03
   2.7520000e+03
   4.9600000e+02
   1.8510000e+03
   5.9000000e+02
   9.6000000e+02
   5.3600000e+02
   1.5310000e+03
   1.5820000e+03
   5.0100000e+02
   1.3390000e+03
   5.3500000e+02
   1.6260000e+03
   4.1800000e+02
   1.1850000e+03
   2.4780000e+03
   4.5100000e+02
   1.2820000e+03
   4.6400000e+02
   1.2800000e+03
   3.7600000e+02
   1.6670000e+03
   1.5050000e+03
   4.8000000e+02
   2.2660000e+03
   4.5800000e+02
   2.2380000e+03
   3.3100000e+02
   2.0280000e+03
   1.8170000e+03
   4.0200000e+02
   1.8210000e+03
   3.8400000e+02
   1.1250000e+03
   8.7300000e+02
   3.1100000e+02
   1.6920000e+03
   3.5700000e+02
   2.2000000e+03
   3.2800000e+02
   1.6140000e+03
   9.0100000e+02
   2.7500000e+02
   1.7050000e+03
   3.2200000e+02
   8.0000000e+02
   2.5300000e+02
   2.4690000e+03
   1.0040000e+03
   2.8100000e+02
   1.0290000e+03
   3.0300000e+02
   1.0420000e+03
   2.6700000e+02
   1.9400000e+03
   1.0570000e+03
   3.0400000e+02
   2.8030000e+03
   2.9700000e+02
   3.7470000e+03
   2.2900000e+02
   1.4870000e+03
   2.6910000e+03
   2.7400000e+02
   1.0790000e+03
   3.1800000e+02
   1.4740000e+03
   1.5600000e+02
