   4.4354428e-04
   4.8852651e-04
   8.1637455e-04
   1.2598943e-03
   1.6259747e-03
   1.3198570e-03
   2.5187098e-03
   8.1767903e-04
   3.4416323e-03
   3.8201689e-03
   2.9443090e-03
   5.2048319e-03
   3.0570060e-03
   4.7039498e-03
   6.9375226e-03
   6.4510762e-03
   7.8535543e-03
   7.6929783e-03
   9.2959932e-03
   1.0355015e-02
   1.0576054e-02
   1.3559008e-02
   1.3789443e-02
   1.6191665e-02
   1.5501362e-02
   1.8402993e-02
   1.8547257e-02
   2.0148227e-02
   1.8919701e-02
   2.1452555e-02
   2.1963116e-02
   2.1828551e-02
   2.5556825e-02
   2.5571838e-02
   2.4283299e-02
   2.5127341e-02
   2.3739809e-02
   2.5303231e-02
   2.4271259e-02
   2.5872203e-02
   2.2886546e-02
   2.4090219e-02
   2.4899471e-02
   2.4459495e-02
   2.2520145e-02
   2.3734107e-02
   2.1769270e-02
   2.2085766e-02
   2.0666747e-02
   2.2722407e-02
   2.2250127e-02
   1.9641845e-02
   2.2061556e-02
   2.1033935e-02
   2.0993928e-02
   1.8099639e-02
   1.9426353e-02
   2.0011472e-02
   1.9608208e-02
   2.0408295e-02
   1.9553368e-02
   1.8843486e-02
   1.7607655e-02
   1.6571000e-02
   1.5013907e-02
   1.6849993e-02
   1.5412147e-02
   1.5861754e-02
   1.3813400e-02
   1.5354688e-02
   1.3344010e-02
   1.3243139e-02
   1.3212548e-02
   1.4091893e-02
   1.2952122e-02
   1.1479407e-02
   1.1881005e-02
   1.1163962e-02
   1.1294007e-02
   1.0452457e-02
   1.2342958e-02
   1.2229039e-02
   1.0538258e-02
   6.9562381e-03
   9.3705597e-03
   8.6838691e-03
   9.2734177e-03
   7.5438819e-03
   6.5075149e-03
   7.8252602e-03
   5.2859017e-03
   5.6360807e-03
   5.8124460e-03
   5.4870217e-03
   4.7584779e-03
   5.3996319e-03
   2.8506785e-03
   4.0669606e-03
