   1.1717574e-04
   6.3168381e-04
   3.2626934e-04
   1.4675391e-03
   1.0354599e-03
   1.5287727e-03
   2.4335466e-03
   2.3412784e-03
   1.9282160e-03
   3.6476596e-03
   1.9914615e-03
   3.0955912e-03
   4.8863104e-03
   4.0248957e-03
   4.7101546e-03
   4.6608156e-03
   6.7718871e-03
   6.5884882e-03
   7.2255746e-03
   1.0193103e-02
   8.8655212e-03
   1.2728406e-02
   1.0540589e-02
   1.3486199e-02
   1.3875634e-02
   1.4580760e-02
   1.4902424e-02
   1.6252923e-02
   1.6895093e-02
   1.6190537e-02
   2.0192687e-02
   2.0274676e-02
   2.0742736e-02
   2.2195366e-02
   2.0179502e-02
   2.2270091e-02
   1.9787454e-02
   2.2953761e-02
   2.0817296e-02
   2.1647660e-02
   2.3027601e-02
   2.3474628e-02
   2.1728758e-02
   2.3967805e-02
   2.0891579e-02
   2.1714979e-02
   2.1258952e-02
   2.2214948e-02
   2.2455238e-02
   2.1410579e-02
   2.3324609e-02
   2.3258593e-02
   2.2717265e-02
   1.9929059e-02
   2.2336237e-02
   2.1825528e-02
   2.3752918e-02
   2.3264827e-02
   2.2095251e-02
   2.2371375e-02
   2.1027530e-02
   2.0744185e-02
   1.8523140e-02
   2.0120747e-02
   1.8924315e-02
   1.8595116e-02
   1.7018118e-02
   1.7756491e-02
   1.6158198e-02
   1.6827464e-02
   1.5563027e-02
   1.7084875e-02
   1.5552868e-02
   1.4941750e-02
   1.4240831e-02
   1.4726133e-02
   1.5047096e-02
   1.3709207e-02
   1.4697117e-02
   1.5024744e-02
   1.2079136e-02
   8.4691282e-03
   1.1451468e-02
   1.0314111e-02
   1.0622559e-02
   1.0124039e-02
   7.9243197e-03
   8.4900433e-03
   6.8157050e-03
   6.4007420e-03
   6.2572582e-03
   5.8869874e-03
   6.2951204e-03
   5.9200676e-03
   3.3045158e-03
   4.5843569e-03
