   2.4598289e-04
   1.7588841e-04
   5.5168061e-04
   4.4950125e-04
   1.0240650e-03
   9.2956844e-04
   1.3435707e-03
   9.1701188e-05
   2.1843809e-03
   1.3560917e-03
   9.6407243e-04
   2.4376985e-03
   2.4575859e-03
   2.6446768e-03
   5.7990690e-03
   4.0849241e-03
   7.1965212e-03
   6.3696033e-03
   7.6969997e-03
   9.5692097e-03
   9.0175536e-03
   8.7120950e-03
   9.8044507e-03
   9.9745129e-03
   9.6962306e-03
   1.1296755e-02
   1.2075522e-02
   1.1666151e-02
   1.3643677e-02
   1.3635709e-02
   1.2894304e-02
   1.2735877e-02
   1.4135787e-02
   1.1826143e-02
   1.5216546e-02
   1.4941362e-02
   1.4429125e-02
   1.2210071e-02
   1.4872361e-02
   1.1956184e-02
   1.3662239e-02
   1.0410414e-02
   1.3108972e-02
   1.3895915e-02
   1.0828846e-02
   1.3512711e-02
   1.1852155e-02
   1.2819501e-02
   8.8838063e-03
   1.0069765e-02
   1.0295952e-02
   1.0572870e-02
   1.0284279e-02
   1.0014087e-02
   9.7372993e-03
   8.4413795e-03
   8.4791887e-03
   6.5659944e-03
   9.3032093e-03
   6.7072698e-03
   7.0740080e-03
   5.6372979e-03
   6.4919161e-03
   6.2600189e-03
   4.6458346e-03
   5.1750682e-03
   5.4789164e-03
   5.4710648e-03
   4.6587635e-03
   5.2245510e-03
   3.1215232e-03
   4.5122174e-03
   2.1621518e-03
   3.6669767e-03
   4.3854742e-03
   3.3996508e-03
   2.5965266e-03
   2.3373687e-03
   5.0807681e-04
   9.8355894e-04
   1.4588793e-03
   6.4809671e-05
   6.4798801e-04
   5.3139242e-04
