   5.2060000e+03
   5.2710000e+03
   1.0080000e+03
   3.1260000e+03
   9.2900000e+02
   2.3730000e+03
   4.4370000e+03
   9.2700000e+02
   4.4190000e+03
   1.0660000e+03
   3.0690000e+03
   1.0960000e+03
   3.9420000e+03
   3.8440000e+03
   9.3600000e+02
   3.6590000e+03
   1.0620000e+03
   1.6590000e+03
   9.0100000e+02
   5.6940000e+03
   2.1390000e+03
   9.8400000e+02
   5.4060000e+03
   1.1410000e+03
   4.4220000e+03
   9.4500000e+02
   2.0870000e+03
   2.2000000e+03
   1.1480000e+03
   2.4570000e+03
   1.1080000e+03
   3.3910000e+03
   9.8400000e+02
   3.4920000e+03
   3.5620000e+03
   1.1440000e+03
   7.7940000e+03
   1.1990000e+03
   2.7440000e+03
   4.5410000e+03
   9.8600000e+02
   3.0560000e+03
   1.2590000e+03
   3.7710000e+03
   1.2580000e+03
   2.5770000e+03
   6.9420000e+03
   1.1080000e+03
   1.3450000e+03
   1.2920000e+03
   4.5060000e+03
   1.3720000e+03
   1.7500000e+03
   4.2880000e+03
   1.0950000e+03
   2.8870000e+03
   1.2640000e+03
   4.0540000e+03
   1.2200000e+03
   6.6600000e+03
   5.2130000e+03
   1.2630000e+03
   4.4850000e+03
   1.4610000e+03
   2.7770000e+03
   1.2000000e+03
   4.7850000e+03
   3.6090000e+03
   1.4650000e+03
   2.5260000e+03
   1.3960000e+03
   4.2480000e+03
   1.2360000e+03
   4.5790000e+03
   4.4980000e+03
   1.4130000e+03
   2.3700000e+03
   1.5170000e+03
   3.2050000e+03
   7.0700000e+03
   1.3700000e+03
   6.7400000e+03
   1.5930000e+03
   3.2260000e+03
   1.6460000e+03
   3.6200000e+03
   4.2930000e+03
   1.3930000e+03
   3.5820000e+03
   1.6260000e+03
   6.3270000e+03
   1.6860000e+03
   3.8700000e+03
   3.6740000e+03
   1.4680000e+03
   4.1610000e+03
   1.6530000e+03
   1.9550000e+03
   1.4620000e+03
   6.0130000e+03
   3.7430000e+03
   1.4920000e+03
   2.8650000e+03
   1.8590000e+03
   4.0270000e+03
   1.5660000e+03
   4.9440000e+03
   5.4640000e+03
   1.8580000e+03
   5.0810000e+03
   1.7950000e+03
   5.2420000e+03
   1.5660000e+03
   6.1500000e+03
   2.7760000e+03
   1.8970000e+03
   2.0500000e+03
   1.8820000e+03
   2.4440000e+03
   6.1340000e+03
   1.5930000e+03
   2.3040000e+03
   2.0360000e+03
   3.2300000e+03
   1.9540000e+03
   2.4690000e+03
   5.6110000e+03
   1.7770000e+03
   3.1580000e+03
   2.0470000e+03
   5.6210000e+03
   2.1620000e+03
   3.3800000e+03
   5.0010000e+03
   1.8770000e+03
   7.5510000e+03
   2.1020000e+03
   1.9480000e+03
   1.7700000e+03
   6.6790000e+03
   4.8160000e+03
   1.9380000e+03
   4.0190000e+03
   2.2170000e+03
   2.4990000e+03
   1.9530000e+03
   4.5360000e+03
   3.1480000e+03
   2.3440000e+03
   4.0830000e+03
   2.3050000e+03
   4.5510000e+03
   1.9740000e+03
   6.8640000e+03
   2.5760000e+03
   2.3430000e+03
   3.2600000e+03
   2.3990000e+03
   4.5470000e+03
   5.3110000e+03
   2.0930000e+03
   6.2440000e+03
   2.5060000e+03
   4.7080000e+03
   2.4750000e+03
   2.2060000e+03
   4.0680000e+03
   2.2650000e+03
   4.3490000e+03
   2.5590000e+03
   3.5310000e+03
   2.6750000e+03
   5.3880000e+03
   5.1740000e+03
   2.4100000e+03
   3.5720000e+03
   2.6600000e+03
   6.2400000e+03
   2.4820000e+03
   4.9370000e+03
   4.1750000e+03
   2.4280000e+03
   6.9530000e+03
   2.9250000e+03
   4.4060000e+03
   2.5810000e+03
   7.5670000e+03
   2.2840000e+03
   2.8620000e+03
   4.0650000e+03
   3.0740000e+03
   4.7590000e+03
   2.5970000e+03
   5.0580000e+03
   5.6490000e+03
   3.2080000e+03
   3.4500000e+03
   3.1320000e+03
   3.8180000e+03
   7.0590000e+03
   2.6180000e+03
   4.6970000e+03
   3.2810000e+03
   3.4340000e+03
   3.2510000e+03
   4.4380000e+03
   8.7270000e+03
   2.9140000e+03
   3.3000000e+03
   3.4310000e+03
   3.2660000e+03
   3.3750000e+03
   4.4290000e+03
   5.7380000e+03
   2.9590000e+03
   7.6450000e+03
   3.3030000e+03
   4.2670000e+03
   3.0280000e+03
   5.6560000e+03
   4.4960000e+03
   2.9080000e+03
   4.5490000e+03
   3.6400000e+03
   5.8950000e+03
   3.1360000e+03
   7.0000000e+03
   5.1780000e+03
   3.4940000e+03
   4.0850000e+03
   3.6130000e+03
   4.8260000e+03
   2.9920000e+03
   7.1640000e+03
   4.5720000e+03
   3.7370000e+03
   4.7760000e+03
   3.6850000e+03
   4.8460000e+03
   8.8220000e+03
   3.1530000e+03
   4.5800000e+03
   3.7320000e+03
   5.8460000e+03
   3.7580000e+03
   3.6640000e+03
   1.0002000e+04
   3.2170000e+03
   6.8200000e+03
   3.5880000e+03
   3.4780000e+03
   3.9170000e+03
   4.9050000e+03
   7.9520000e+03
   3.2630000e+03
   7.5180000e+03
   3.7940000e+03
   3.7490000e+03
   3.5400000e+03
   8.3150000e+03
   5.1260000e+03
   3.4920000e+03
   5.5290000e+03
   4.1360000e+03
   4.5000000e+03
   3.4460000e+03
   7.3460000e+03
   6.6740000e+03
   4.0510000e+03
   7.0750000e+03
   4.1570000e+03
   4.7840000e+03
   3.4360000e+03
   8.9670000e+03
   8.0080000e+03
   4.0050000e+03
   3.4920000e+03
   4.1790000e+03
   4.4900000e+03
   1.0491000e+04
   3.6170000e+03
   5.6470000e+03
   4.3700000e+03
   4.1870000e+03
   4.4280000e+03
   5.7830000e+03
   9.8090000e+03
   3.7580000e+03
   5.8050000e+03
   4.6260000e+03
   5.9160000e+03
   4.6340000e+03
   4.8630000e+03
   7.1800000e+03
   4.0240000e+03
   6.7200000e+03
   4.4840000e+03
   5.1520000e+03
   4.0440000e+03
   8.0980000e+03
   5.2130000e+03
   4.3110000e+03
   5.7580000e+03
   4.8570000e+03
   5.7950000e+03
   4.0610000e+03
   6.5280000e+03
   6.2440000e+03
   4.9630000e+03
   4.6960000e+03
   4.9250000e+03
   3.9580000e+03
   4.2230000e+03
   9.4580000e+03
   5.1230000e+03
   5.0770000e+03
   6.0370000e+03
   5.2340000e+03
   6.4660000e+03
   8.5880000e+03
   4.3210000e+03
   7.6930000e+03
   5.3380000e+03
   7.5670000e+03
   5.3840000e+03
   5.2440000e+03
   8.2550000e+03
   4.5050000e+03
   6.0620000e+03
   5.7040000e+03
   3.8720000e+03
   5.4960000e+03
   7.1720000e+03
   9.8250000e+03
   4.6950000e+03
   6.6040000e+03
   5.5980000e+03
   7.0700000e+03
   4.9370000e+03
   4.3380000e+03
   1.0998000e+04
   4.8840000e+03
   6.6980000e+03
   5.8830000e+03
   9.0420000e+03
   4.9800000e+03
   1.1790000e+04
   6.6520000e+03
   5.9770000e+03
   6.4460000e+03
   5.8050000e+03
   6.5070000e+03
   5.0550000e+03
   1.0576000e+04
   6.2330000e+03
   6.0560000e+03
   6.3460000e+03
   6.2890000e+03
   6.8010000e+03
   9.2320000e+03
   4.9060000e+03
   6.5160000e+03
   6.3980000e+03
   7.6660000e+03
   6.1700000e+03
   6.7780000e+03
   1.0706000e+04
   5.2490000e+03
   5.8530000e+03
   6.3760000e+03
   6.2770000e+03
   6.3490000e+03
   7.4180000e+03
   1.0537000e+04
   5.5840000e+03
   8.1250000e+03
   6.1660000e+03
   6.8760000e+03
   5.6550000e+03
   9.3810000e+03
   5.1560000e+03
   5.5920000e+03
   8.0370000e+03
   6.2380000e+03
   6.7400000e+03
   5.7540000e+03
   8.8760000e+03
   6.8040000e+03
   6.3570000e+03
   5.5580000e+03
   6.6910000e+03
   7.3350000e+03
   5.7890000e+03
   1.0584000e+04
   6.3490000e+03
   6.5350000e+03
   5.4390000e+03
   6.7200000e+03
   6.7410000e+03
   9.7620000e+03
   5.5100000e+03
   9.4500000e+03
   6.7890000e+03
   7.3930000e+03
   6.7940000e+03
   7.0900000e+03
   1.2684000e+04
   5.8970000e+03
   6.7150000e+03
   6.7930000e+03
   7.9910000e+03
   6.9780000e+03
   6.7330000e+03
   1.0208000e+04
   5.8900000e+03
   5.6560000e+03
   6.8190000e+03
   6.6900000e+03
   6.2060000e+03
   1.2706000e+04
   8.8750000e+03
   6.0800000e+03
   7.2260000e+03
   7.1390000e+03
   7.2190000e+03
   6.1040000e+03
   1.1138000e+04
   7.2970000e+03
   7.0660000e+03
   5.4890000e+03
   7.1180000e+03
   8.9790000e+03
   5.9380000e+03
   1.0652000e+04
   8.0100000e+03
   6.9980000e+03
   6.2940000e+03
   7.0710000e+03
   7.7920000e+03
   6.0930000e+03
   1.0944000e+04
   9.7010000e+03
   7.1050000e+03
   6.0550000e+03
   6.8760000e+03
   7.0640000e+03
   1.2301000e+04
   6.0420000e+03
   6.6560000e+03
   7.2840000e+03
   4.7580000e+03
   7.0610000e+03
   5.9320000e+03
   1.1468000e+04
   6.0600000e+03
   7.7310000e+03
   7.1970000e+03
   8.4450000e+03
   6.1730000e+03
   1.2725000e+04
   6.4250000e+03
   6.1160000e+03
   7.1610000e+03
   7.0230000e+03
   1.0247000e+04
   6.2080000e+03
   1.1489000e+04
   7.2170000e+03
   7.4240000e+03
   6.6320000e+03
   6.8920000e+03
   5.5950000e+03
   5.9320000e+03
   1.2513000e+04
   8.0980000e+03
   7.1680000e+03
   5.8370000e+03
   7.2640000e+03
   6.8030000e+03
   6.0210000e+03
   1.1647000e+04
   1.0079000e+04
   7.2060000e+03
   6.2670000e+03
   7.4720000e+03
   7.4090000e+03
   1.1758000e+04
   6.0540000e+03
   6.8120000e+03
   7.5170000e+03
   5.4140000e+03
   7.3700000e+03
   6.5730000e+03
   1.1476000e+04
   6.4290000e+03
   1.0871000e+04
   7.4480000e+03
   7.3880000e+03
   6.2040000e+03
   9.6820000e+03
   1.0427000e+04
   6.5600000e+03
   7.0980000e+03
   7.2360000e+03
   6.8570000e+03
   6.5970000e+03
   1.2361000e+04
   7.5960000e+03
   7.3890000e+03
   7.1510000e+03
   7.4620000e+03
   7.9090000e+03
   6.5050000e+03
   1.1968000e+04
   7.8380000e+03
   7.6280000e+03
   7.1740000e+03
   7.6610000e+03
   7.5820000e+03
   1.3385000e+04
   6.1870000e+03
   8.0650000e+03
   7.7210000e+03
   6.6490000e+03
   7.8470000e+03
   7.3370000e+03
   1.1193000e+04
   5.9560000e+03
   7.7760000e+03
   7.8770000e+03
   6.3700000e+03
   7.8500000e+03
   6.4870000e+03
   1.0750000e+04
   6.5560000e+03
   8.1970000e+03
   7.4630000e+03
   7.6380000e+03
   6.5500000e+03
   8.5650000e+03
   1.3102000e+04
   6.6230000e+03
   6.2220000e+03
   7.6580000e+03
   8.6210000e+03
   6.5660000e+03
   1.3026000e+04
   7.3590000e+03
   7.7520000e+03
   6.3270000e+03
   7.5570000e+03
   7.1470000e+03
   6.7490000e+03
   1.2504000e+04
   7.4200000e+03
   7.4510000e+03
   4.9630000e+03
   7.7920000e+03
   9.5180000e+03
   1.1005000e+04
   6.3330000e+03
   8.6090000e+03
   7.7150000e+03
   9.7470000e+03
   7.6710000e+03
   6.7500000e+03
   1.2098000e+04
   6.4220000e+03
   7.3810000e+03
   7.7120000e+03
   6.8230000e+03
   7.5440000e+03
   7.4340000e+03
   1.1871000e+04
   6.6010000e+03
   7.0130000e+03
   7.6160000e+03
   8.2270000e+03
   6.7230000e+03
   8.5500000e+03
   1.4101000e+04
   6.3360000e+03
   6.4190000e+03
   7.3120000e+03
   7.0670000e+03
   6.7620000e+03
   1.1615000e+04
   9.2360000e+03
   7.6280000e+03
   9.1950000e+03
   7.6780000e+03
   8.3370000e+03
   6.5190000e+03
   1.2223000e+04
   7.4290000e+03
   7.4990000e+03
   5.6990000e+03
   7.6710000e+03
   1.0755000e+04
   1.2166000e+04
   6.2550000e+03
   7.9950000e+03
   7.5870000e+03
   7.8940000e+03
   7.6190000e+03
   6.9730000e+03
   1.3688000e+04
   6.7240000e+03
   9.4690000e+03
   7.3730000e+03
   5.9500000e+03
   7.2420000e+03
   7.4080000e+03
   1.2460000e+04
   6.5960000e+03
   9.6730000e+03
   7.4930000e+03
   1.0112000e+04
   6.4550000e+03
   1.1994000e+04
   9.2850000e+03
   6.4870000e+03
   6.9650000e+03
   7.5860000e+03
   8.4210000e+03
   6.6840000e+03
   1.4431000e+04
   9.5140000e+03
   7.5300000e+03
   7.8760000e+03
   7.7280000e+03
   1.0387000e+04
   6.2790000e+03
   1.2057000e+04
   1.0699000e+04
   7.4210000e+03
   6.3850000e+03
   7.2000000e+03
   6.3750000e+03
   6.0170000e+03
   1.0673000e+04
   9.6790000e+03
   7.3430000e+03
   5.7520000e+03
   7.4000000e+03
   7.6850000e+03
   1.3230000e+04
   6.2160000e+03
   9.5550000e+03
   7.3750000e+03
   4.8130000e+03
   7.2790000e+03
   6.0490000e+03
   9.5400000e+03
   6.1530000e+03
   5.8630000e+03
   7.2650000e+03
   8.6970000e+03
   6.3410000e+03
   1.1906000e+04
   6.2460000e+03
   6.1670000e+03
   7.1300000e+03
   7.3520000e+03
   6.9220000e+03
   5.8910000e+03
   1.2780000e+04
   7.1240000e+03
   7.1090000e+03
   6.4930000e+03
   7.1520000e+03
   6.4630000e+03
   5.8920000e+03
   1.1815000e+04
   6.3830000e+03
   6.8980000e+03
   6.8990000e+03
   7.0400000e+03
   6.4060000e+03
   5.8250000e+03
   1.0516000e+04
   7.2240000e+03
   7.0160000e+03
   6.2560000e+03
   6.9540000e+03
   7.0060000e+03
   1.0714000e+04
   6.0210000e+03
   6.1870000e+03
   6.8610000e+03
   5.3170000e+03
   7.1090000e+03
   8.6070000e+03
   8.7960000e+03
   5.3440000e+03
   7.1000000e+03
   6.6790000e+03
   6.3650000e+03
   5.8880000e+03
   1.0897000e+04
   9.9870000e+03
   5.8040000e+03
   7.0610000e+03
   6.5360000e+03
   8.5640000e+03
   5.8510000e+03
   1.0365000e+04
   6.5880000e+03
   6.8350000e+03
   7.4370000e+03
   6.4990000e+03
   7.9050000e+03
   5.5310000e+03
   1.2106000e+04
   7.4320000e+03
   6.3760000e+03
   5.2350000e+03
   6.6940000e+03
   5.9320000e+03
   1.1037000e+04
   5.5310000e+03
   5.2090000e+03
   6.2770000e+03
   5.7910000e+03
   6.5580000e+03
   5.5840000e+03
   1.0413000e+04
   5.5710000e+03
   5.3800000e+03
   6.3720000e+03
   8.8270000e+03
   6.3780000e+03
   6.2390000e+03
   1.0319000e+04
   5.5730000e+03
   9.1990000e+03
   6.3950000e+03
   6.6810000e+03
   5.5110000e+03
   1.1481000e+04
   6.9130000e+03
   5.4860000e+03
   6.0100000e+03
   6.4040000e+03
   6.5390000e+03
   5.4710000e+03
   1.1868000e+04
   7.5560000e+03
   6.0910000e+03
   4.0350000e+03
   5.9940000e+03
   6.7780000e+03
   5.4260000e+03
   1.0474000e+04
   8.0780000e+03
   6.0770000e+03
   5.7230000e+03
   6.1780000e+03
   7.3310000e+03
   9.1800000e+03
   4.9850000e+03
   6.2250000e+03
   6.1890000e+03
   8.5660000e+03
   6.0800000e+03
   8.7800000e+03
   1.0292000e+04
   5.0040000e+03
   6.4550000e+03
   6.1530000e+03
   5.5310000e+03
   6.0770000e+03
   7.4890000e+03
   1.0731000e+04
   5.2660000e+03
   5.7790000e+03
   5.6500000e+03
   6.3060000e+03
   4.9290000e+03
   6.3810000e+03
   9.4140000e+03
   5.1090000e+03
   6.7920000e+03
   5.6650000e+03
   5.3240000e+03
   5.0280000e+03
   8.8700000e+03
   4.9060000e+03
   5.8120000e+03
   4.9460000e+03
   5.6990000e+03
   5.8710000e+03
   4.7330000e+03
   8.9480000e+03
   1.2025000e+04
   5.8440000e+03
   5.6270000e+03
   5.8550000e+03
   6.1180000e+03
   9.7330000e+03
   4.6010000e+03
   7.8830000e+03
   5.8330000e+03
   7.6340000e+03
   5.3910000e+03
   4.7460000e+03
   8.1800000e+03
   4.6860000e+03
   5.6510000e+03
   5.6480000e+03
   6.0060000e+03
   5.5900000e+03
   6.4230000e+03
   9.6520000e+03
   4.7050000e+03
   4.8420000e+03
   5.2620000e+03
   6.7650000e+03
   4.7450000e+03
   9.0520000e+03
   1.0016000e+04
   4.6250000e+03
   6.6140000e+03
   5.4800000e+03
   5.2270000e+03
   4.6400000e+03
   1.0491000e+04
   7.6490000e+03
   5.2880000e+03
   7.6690000e+03
   5.5780000e+03
   5.7070000e+03
   4.3930000e+03
   1.1619000e+04
   6.3430000e+03
   5.3520000e+03
   6.0250000e+03
   5.3390000e+03
   7.0620000e+03
   8.4050000e+03
   4.2970000e+03
   7.5910000e+03
   5.0720000e+03
   4.6090000e+03
   5.1800000e+03
   7.7900000e+03
   8.3290000e+03
   4.3270000e+03
   4.5430000e+03
   5.0250000e+03
   6.1530000e+03
   5.2040000e+03
   6.3150000e+03
   8.2370000e+03
   4.3940000e+03
   7.0230000e+03
   5.1220000e+03
   4.7250000e+03
   4.4480000e+03
   6.6300000e+03
   8.4480000e+03
   3.9310000e+03
   5.2230000e+03
   5.0790000e+03
   5.3790000e+03
   4.2190000e+03
   1.0402000e+04
   6.4330000e+03
   4.9320000e+03
   5.3040000e+03
   4.6740000e+03
   1.0337000e+04
   4.0430000e+03
   8.8320000e+03
   6.9640000e+03
   4.6720000e+03
   4.6370000e+03
   4.7040000e+03
   3.6650000e+03
   3.8530000e+03
   8.9430000e+03
   9.4600000e+03
   4.6170000e+03
   9.2440000e+03
   4.4730000e+03
   5.4510000e+03
   8.1380000e+03
   3.8710000e+03
   4.0380000e+03
   4.3020000e+03
   3.9800000e+03
   4.5230000e+03
   5.7250000e+03
   8.1000000e+03
   3.8790000e+03
   5.4950000e+03
   4.3490000e+03
   5.3830000e+03
   3.7160000e+03
   7.6980000e+03
   6.4800000e+03
   3.8130000e+03
   8.3660000e+03
   4.3930000e+03
   6.4980000e+03
   3.5710000e+03
   9.8650000e+03
   6.4380000e+03
   4.2340000e+03
   5.4690000e+03
   4.2290000e+03
   5.5440000e+03
   3.6180000e+03
   7.5670000e+03
   6.8740000e+03
   3.9070000e+03
   3.2420000e+03
   3.9170000e+03
   5.5470000e+03
   6.2090000e+03
   3.3520000e+03
   4.3610000e+03
   4.0580000e+03
   4.3230000e+03
   4.1080000e+03
   3.6640000e+03
   7.9370000e+03
   3.3960000e+03
   5.5120000e+03
   3.7610000e+03
   6.1760000e+03
   3.8160000e+03
   4.6220000e+03
   7.5590000e+03
   3.2640000e+03
   5.3220000e+03
   3.7530000e+03
   3.8760000e+03
   3.2780000e+03
   6.2340000e+03
   4.8490000e+03
   3.3530000e+03
   4.6590000e+03
   3.5360000e+03
   4.4620000e+03
   3.0890000e+03
   5.6470000e+03
   7.1380000e+03
   3.5950000e+03
   4.3050000e+03
   3.4820000e+03
   4.5090000e+03
   2.9480000e+03
   6.4780000e+03
   4.6470000e+03
   3.4330000e+03
   4.8460000e+03
   3.6040000e+03
   6.2800000e+03
   2.8090000e+03
   7.3720000e+03
   5.5570000e+03
   3.5250000e+03
   5.2000000e+03
   3.4270000e+03
   4.1310000e+03
   5.1070000e+03
   2.8320000e+03
   4.1290000e+03
   3.4180000e+03
   5.6410000e+03
   3.2710000e+03
   4.6230000e+03
   5.0750000e+03
   2.8220000e+03
   5.2190000e+03
   3.1280000e+03
   3.4790000e+03
   2.7940000e+03
   8.2070000e+03
   3.8960000e+03
   2.7490000e+03
   4.3250000e+03
   3.1020000e+03
   4.1750000e+03
   2.7650000e+03
   7.0520000e+03
   4.0280000e+03
   3.1800000e+03
   6.8160000e+03
   3.0990000e+03
   8.9640000e+03
   2.5470000e+03
   4.7260000e+03
   6.7390000e+03
   3.0770000e+03
   3.9540000e+03
   3.9130000e+03
   6.2790000e+03
   4.4900000e+02
