   1.9327506e-04
   1.3180386e-05
   1.0486392e-03
   8.4011121e-04
   2.3484219e-04
   8.2461590e-04
   1.5497711e-04
   1.0126282e-03
   7.3579316e-04
   2.4268173e-03
   2.0517533e-03
   2.8236432e-03
   2.4596364e-03
   2.7285887e-03
   2.3779936e-03
   2.6806741e-03
   2.8496426e-03
   3.5519473e-03
   6.7469012e-03
   6.4029031e-03
   7.0579918e-03
   8.0779763e-03
   8.4085656e-03
   9.6489468e-03
   1.0473456e-02
   1.2852444e-02
   1.2481762e-02
   1.4513348e-02
   1.5999898e-02
   1.6665248e-02
   1.6930649e-02
   1.9763338e-02
   1.9437941e-02
   2.1833934e-02
   2.1759623e-02
   2.5111114e-02
   2.6479281e-02
   2.4462073e-02
   2.8520008e-02
   2.8808310e-02
   2.8922071e-02
   2.6271539e-02
   2.9173204e-02
   3.0231678e-02
   3.0766511e-02
   3.1408618e-02
   2.9738680e-02
   3.0140217e-02
   2.8931344e-02
   2.8059394e-02
   2.4351562e-02
   2.6808641e-02
   2.4814122e-02
   2.5131220e-02
   2.1620015e-02
   2.2449572e-02
   2.0313358e-02
   2.0019929e-02
   1.8285418e-02
   1.8992786e-02
   1.6611608e-02
   1.4733877e-02
   1.4626487e-02
   1.3676138e-02
   1.3165347e-02
   1.1369990e-02
   1.1751211e-02
   1.2728783e-02
   1.0587673e-02
   6.1868851e-03
   8.8937022e-03
   7.3700242e-03
   6.1298081e-03
   5.8204792e-03
   3.7692622e-03
   4.9954035e-03
   2.3258486e-03
   3.0139815e-03
   2.8647596e-03
   2.6952812e-03
   1.5697715e-03
   1.9289641e-03
   3.1874895e-04
