   2.0359400e-05
   0.0000000e+00
   0.0000000e+00
   0.0000000e+00
   0.0000000e+00
   0.0000000e+00
   0.0000000e+00
   0.0000000e+00
   0.0000000e+00
   0.0000000e+00
   1.9403300e-06
   0.0000000e+00
   0.0000000e+00
   2.6433400e-06
   0.0000000e+00
   8.4080800e-06
   0.0000000e+00
   0.0000000e+00
   0.0000000e+00
   0.0000000e+00
   0.0000000e+00
   0.0000000e+00
   0.0000000e+00
   0.0000000e+00
   0.0000000e+00
   0.0000000e+00
   0.0000000e+00
   0.0000000e+00
   0.0000000e+00
   0.0000000e+00
   0.0000000e+00
   0.0000000e+00
   0.0000000e+00
   8.1550000e-07
   6.7489600e-07
   0.0000000e+00
   5.0336000e-06
   0.0000000e+00
   0.0000000e+00
   0.0000000e+00
   2.1624800e-05
   0.0000000e+00
   0.0000000e+00
   0.0000000e+00
   0.0000000e+00
   0.0000000e+00
   2.4436900e-05
   0.0000000e+00
   0.0000000e+00
   0.0000000e+00
   0.0000000e+00
   0.0000000e+00
   0.0000000e+00
   1.6281900e-05
   0.0000000e+00
   0.0000000e+00
   0.0000000e+00
   0.0000000e+00
   0.0000000e+00
   4.4711900e-06
   2.2215300e-06
   0.0000000e+00
   0.0000000e+00
   0.0000000e+00
   0.0000000e+00
   0.0000000e+00
   8.8298900e-06
   1.9234500e-05
   0.0000000e+00
   0.0000000e+00
   0.0000000e+00
   2.5027400e-06
   0.0000000e+00
   8.4080800e-06
   1.7125500e-05
   0.0000000e+00
   0.0000000e+00
   0.0000000e+00
   0.0000000e+00
   2.7108300e-05
   0.0000000e+00
   6.8614500e-06
   0.0000000e+00
   0.0000000e+00
   0.0000000e+00
   5.8772200e-06
   2.2327800e-05
   0.0000000e+00
   1.5719500e-05
   0.0000000e+00
   2.6433400e-06
   0.0000000e+00
   0.0000000e+00
   3.2310700e-05
   0.0000000e+00
   6.2990300e-06
   0.0000000e+00
   2.7839500e-06
   0.0000000e+00
   4.2574700e-05
   0.0000000e+00
   0.0000000e+00
   7.2832600e-06
   2.2215300e-06
   1.0517100e-05
   0.0000000e+00
   3.2029500e-05
   8.5486900e-06
   1.0967100e-06
   1.3779100e-06
   6.7489600e-07
   1.3751000e-05
   0.0000000e+00
   4.0043800e-05
   1.3779100e-06
   4.8930000e-06
   1.7997200e-06
   1.1782600e-05
   0.0000000e+00
   1.1248300e-07
   4.0325100e-05
   1.1248300e-07
   4.3305800e-06
   4.3305800e-06
   6.7208400e-06
   3.9368900e-07
   5.1432700e-05
   1.5185200e-06
   1.9375100e-05
   1.1079500e-05
   1.2373100e-06
   1.2626200e-05
   1.2345000e-05
   5.2416900e-05
   7.4238600e-06
   3.8637800e-05
   2.0359400e-05
   2.7839500e-06
   5.3148100e-06
   2.6264700e-05
   4.8620700e-05
   5.5960100e-06
   1.1360800e-05
   1.2204400e-05
   2.4858700e-05
   7.1426500e-06
   6.8726900e-05
   7.8456700e-06
   2.4718100e-05
   1.4735200e-05
   1.8672100e-05
   2.3171400e-05
   1.3469800e-05
   7.6038300e-05
   1.6703700e-05
   2.1203000e-05
   6.7208400e-06
   2.3593200e-05
   1.8390900e-05
   8.4080800e-06
   8.4896300e-05
   2.3593200e-05
   2.4155700e-05
   3.7231800e-05
   2.6264700e-05
   1.3610400e-05
   6.2118600e-05
   1.8250300e-05
   2.1062400e-05
   3.3435500e-05
   2.7670700e-05
   3.1185800e-05
   3.2170100e-05
   9.7410000e-05
   2.0218800e-05
   2.8936200e-05
   3.6106900e-05
   3.2170100e-05
   2.3312000e-05
   7.9131600e-05
   3.3154300e-05
   1.7687900e-05
   1.5578900e-05
   3.8356600e-05
   3.0764000e-05
   2.6405300e-05
   8.3912100e-05
   1.7125500e-05
   3.7653600e-05
   1.1642000e-05
   4.1028100e-05
   4.8058200e-05
   3.2029500e-05
   8.1803000e-05
   2.9076800e-05
   4.2855900e-05
   1.7125500e-05
   4.5808600e-05
   3.6950600e-05
   8.9958000e-05
   3.1185800e-05
   5.3401200e-05
   4.5105600e-05
   2.4155700e-05
   4.8480000e-05
   5.4385400e-05
   1.0781500e-04
   3.5122700e-05
   4.5668000e-05
   4.7777000e-05
   2.6124100e-05
   5.2135700e-05
   4.0184400e-05
   1.1723500e-04
   3.9762600e-05
   5.3401200e-05
   5.6775600e-05
   4.6511600e-05
   4.7214600e-05
   3.9903200e-05
   1.0865800e-04
   4.2715300e-05
   4.7917600e-05
   5.9025300e-05
   6.9992400e-05
   4.9042500e-05
   9.2348300e-05
   5.3541800e-05
   6.4368200e-05
   3.7653600e-05
   6.6196100e-05
   5.2557500e-05
   5.0448500e-05
   1.1836000e-04
   5.1995100e-05
   6.6477300e-05
   3.5825700e-05
   7.0133000e-05
   9.2067100e-05
   1.1850100e-04
   5.0729700e-05
   5.4666600e-05
   6.9711200e-05
   5.1010900e-05
   6.5071200e-05
   6.4087000e-05
   1.2075000e-04
   5.7478700e-05
   7.4351100e-05
   6.8023900e-05
   4.4824400e-05
   7.7022500e-05
   6.0853100e-05
   1.2004700e-04
   5.8462900e-05
   7.0976600e-05
   7.2804400e-05
   5.6635000e-05
   5.8322300e-05
   6.3384000e-05
   1.2510900e-04
   6.5211800e-05
   7.0133000e-05
   7.5475900e-05
   6.9570600e-05
   6.6055500e-05
   1.5815100e-04
   6.1134400e-05
   9.1364100e-05
   6.0712500e-05
   9.0379900e-05
   7.7022500e-05
   7.3788700e-05
   1.7685100e-04
   8.4615100e-05
   8.9676800e-05
   3.4700900e-05
   9.5722800e-05
   7.2382600e-05
   7.0836000e-05
   1.6574300e-04
   7.1539000e-05
   9.4176100e-05
   5.6353800e-05
   9.9237900e-05
   5.9447100e-05
   1.5519800e-04
   7.9694000e-05
   7.7584900e-05
   1.0725200e-04
   5.3260600e-05
   1.1414200e-04
   7.2663800e-05
   1.5154200e-04
   8.4193300e-05
   9.9940900e-05
   1.0331500e-04
   8.6161800e-05
   9.1082900e-05
   1.7867900e-04
   7.4632300e-05
   7.9694000e-05
   7.1820200e-05
   1.0879900e-04
   8.0115800e-05
   8.8130200e-05
   1.6841500e-04
   9.4598000e-05
   1.1217300e-04
   6.2259200e-05
   1.0725200e-04
   7.1257800e-05
   9.5582200e-05
   1.8697400e-04
   7.7725600e-05
   1.1906300e-04
   6.6336700e-05
   1.1990700e-04
   9.1223500e-05
   1.1329800e-04
   1.8149100e-04
   9.3894900e-05
   1.1948500e-04
   8.3068500e-05
   1.1709400e-04
   8.9536200e-05
   1.9878500e-04
   9.5301000e-05
   9.6285200e-05
   1.2567100e-04
   6.7461500e-05
   1.1976600e-04
   9.6847600e-05
   1.9189500e-04
   1.0317500e-04
   9.9519100e-05
   1.2946800e-04
   9.5160400e-05
   1.0626800e-04
   1.7488200e-04
   1.0162800e-04
   1.1414200e-04
   1.2187500e-04
   1.2468700e-04
   1.2215600e-04
   1.0837700e-04
   1.9470800e-04
   8.4755700e-05
   1.4423100e-04
   6.9570600e-05
   1.4507500e-04
   8.4052700e-05
   1.1723500e-04
   2.1256400e-04
   9.3754300e-05
   1.4704300e-04
   7.8850400e-05
   1.4409000e-04
   1.2103100e-04
   1.0556500e-04
   2.2240600e-04
   1.1357900e-04
   1.5407300e-04
   9.3191900e-05
   1.5323000e-04
   1.0964300e-04
   2.2367200e-04
   1.1568800e-04
   1.0823600e-04
   1.4971400e-04
   1.0106600e-04
   1.6616500e-04
   1.0134700e-04
   2.3646700e-04
   1.3368600e-04
   1.1343900e-04
   1.5660400e-04
   1.3467000e-04
   1.2721800e-04
   1.2637400e-04
   2.3618600e-04
   1.2806200e-04
   1.2637400e-04
   1.6644600e-04
   1.2595300e-04
   1.4915200e-04
   2.4110700e-04
   1.0387800e-04
   1.6222800e-04
   1.0219100e-04
   1.7417900e-04
   1.3368600e-04
   1.3467000e-04
   2.5390200e-04
   1.0992400e-04
   1.7277300e-04
   1.1104900e-04
   1.7938200e-04
   1.2609300e-04
   2.6036900e-04
   1.2665600e-04
   1.4155900e-04
   1.8050700e-04
   9.6144600e-05
   1.7052400e-04
   1.2496800e-04
   2.7808500e-04
   1.3185800e-04
   1.3242000e-04
   1.7333600e-04
   1.0430000e-04
   1.8838000e-04
   1.3185800e-04
   2.4884000e-04
   1.3987200e-04
   1.2679600e-04
   1.7066400e-04
   1.4676200e-04
   1.5351100e-04
   1.5126100e-04
   2.4026300e-04
   1.3635700e-04
   1.3804400e-04
   1.7657000e-04
   1.4535600e-04
   1.5801000e-04
   2.5671400e-04
   1.4718400e-04
   1.7952200e-04
   1.2131300e-04
   1.9498900e-04
   1.3649800e-04
   1.5562000e-04
   2.6444700e-04
   1.3115500e-04
   1.8866200e-04
   1.2004700e-04
   1.9920700e-04
   1.3298300e-04
   1.5632300e-04
   2.7794500e-04
   1.6265000e-04
   1.9217700e-04
   9.5019800e-05
   1.8767700e-04
   1.4788700e-04
   2.9861300e-04
   1.7024300e-04
   1.3368600e-04
   2.1045500e-04
   1.0781500e-04
   2.0033200e-04
   1.4873000e-04
   2.8497500e-04
   1.7966300e-04
   1.3973200e-04
   1.9709800e-04
   1.5168300e-04
   1.7136700e-04
   2.7316400e-04
   1.4957400e-04
   1.6954000e-04
   1.7530400e-04
   2.0989300e-04
   1.6602400e-04
   1.6335300e-04
   2.9594200e-04
   1.3692000e-04
   2.2803100e-04
   1.1920400e-04
   2.1889100e-04
   1.3832600e-04
   1.6897700e-04
   3.1548600e-04
   1.4901100e-04
   2.0244100e-04
   1.2553100e-04
   2.1101800e-04
   1.7235200e-04
   1.7389800e-04
   3.1070500e-04
   1.5407300e-04
   2.1101800e-04
   1.2918600e-04
   2.2493700e-04
   1.6869600e-04
   2.9313000e-04
   1.7685100e-04
   1.6194700e-04
   2.1298600e-04
   9.8675500e-05
   2.1383000e-04
   1.5308900e-04
   2.9186500e-04
   1.7586700e-04
   1.5182400e-04
   2.2325000e-04
   1.8824000e-04
   1.7277300e-04
   2.8680300e-04
   1.6827400e-04
   1.7094600e-04
   1.5758800e-04
   2.2493700e-04
   1.6447800e-04
   1.8360000e-04
   3.0550300e-04
   1.6672700e-04
   2.1622000e-04
   1.2721800e-04
   2.3084300e-04
   1.7685100e-04
   1.8121000e-04
   3.1056500e-04
   1.5098000e-04
   2.0764300e-04
   1.4113800e-04
   2.2268800e-04
   1.6349400e-04
   2.9762900e-04
   1.7193000e-04
   1.5590100e-04
   2.2971800e-04
   1.3171700e-04
   2.2395300e-04
   1.7446100e-04
   2.9425500e-04
   1.7657000e-04
   1.8135000e-04
   2.2156300e-04
   1.4437200e-04
   2.1607900e-04
   1.6433700e-04
   3.0437800e-04
   1.8472500e-04
   2.0314400e-04
   2.1903200e-04
   1.7319500e-04
   1.9175500e-04
   1.6883700e-04
   3.1070500e-04
   1.8444400e-04
   1.6265000e-04
   2.2943700e-04
   1.6138500e-04
   1.9063000e-04
   3.1759500e-04
   1.7502300e-04
   2.3281100e-04
   1.5294800e-04
   2.1832900e-04
   1.6686800e-04
   1.7994400e-04
   3.3460800e-04
   1.4648100e-04
   2.0370600e-04
   1.2778000e-04
   2.3098300e-04
   1.7038300e-04
   3.0662800e-04
   1.9302000e-04
   1.7389800e-04
   2.2985800e-04
   1.1962500e-04
   2.1847000e-04
   1.6560300e-04
   2.9959800e-04
   1.8135000e-04
   1.7699200e-04
   2.3337300e-04
   1.3790400e-04
   2.2929600e-04
   1.5421400e-04
   3.4009100e-04
   1.9372300e-04
   1.6982100e-04
   2.2240600e-04
   1.7361700e-04
   1.8641200e-04
   1.8599000e-04
   3.4051300e-04
   1.7586700e-04
   1.4887100e-04
   2.0511200e-04
   1.7966300e-04
   1.9414500e-04
   3.1239300e-04
   1.6714900e-04
   2.3449800e-04
   1.6236900e-04
   2.2114100e-04
   1.8317800e-04
   1.7361700e-04
   3.3053000e-04
   1.6644600e-04
   2.1143900e-04
   1.1807900e-04
   2.3112400e-04
   1.5055800e-04
   3.2771800e-04
   1.7305500e-04
   1.4465300e-04
   2.1664200e-04
   1.5547900e-04
   2.2198500e-04
   1.4634000e-04
   3.0634700e-04
   1.7755400e-04
   1.5702600e-04
   2.0665900e-04
   1.0500300e-04
   2.1115800e-04
   1.7572600e-04
   3.3629500e-04
   1.6939900e-04
   1.6588400e-04
   2.1664200e-04
   1.7305500e-04
   1.7544500e-04
   3.0465900e-04
   1.7417900e-04
   1.6743100e-04
   1.5280800e-04
   1.9583200e-04
   1.5393300e-04
   1.7671000e-04
   3.2307800e-04
   1.7755400e-04
   2.0342500e-04
   1.3818500e-04
   1.9583200e-04
   1.7207000e-04
   1.5786900e-04
   3.0451900e-04
   1.5351100e-04
   2.1129900e-04
   1.1667300e-04
   1.9850400e-04
   1.2595300e-04
   2.7850700e-04
   1.8753700e-04
   1.6897700e-04
   1.9906600e-04
   1.2103100e-04
   2.1214200e-04
   1.4648100e-04
   2.9889500e-04
   1.5562000e-04
   1.6743100e-04
   2.0426900e-04
   1.1104900e-04
   2.0834600e-04
   1.4296600e-04
   2.7513300e-04
   1.6588400e-04
   1.3340400e-04
   2.0300300e-04
   1.5955700e-04
   1.5899400e-04
   1.7010200e-04
   2.8033500e-04
   1.6011900e-04
   1.5435400e-04
   1.9808200e-04
   1.3649800e-04
   1.4605900e-04
   2.5151100e-04
   1.3748200e-04
   1.9147400e-04
   1.1301700e-04
   1.9920700e-04
   1.4380900e-04
   1.4985500e-04
   2.7822600e-04
   1.3593500e-04
   1.9442600e-04
   1.2524900e-04
   1.7600700e-04
   1.4127800e-04
   2.4279400e-04
   1.3368600e-04
   1.3607600e-04
   1.7783500e-04
   1.1751600e-04
   1.7839800e-04
   1.4549600e-04
   2.5587000e-04
   1.4324700e-04
   1.2285900e-04
   1.8261600e-04
   1.0233100e-04
   1.7417900e-04
   1.3059200e-04
   2.3253000e-04
   1.2960800e-04
   1.2300000e-04
   1.7727300e-04
   1.2075000e-04
   1.3734100e-04
   2.4785600e-04
   1.3931000e-04
   1.2651500e-04
   1.2693700e-04
   1.5379200e-04
   1.3003000e-04
   1.3256100e-04
   2.2325000e-04
   1.2749900e-04
   1.5210500e-04
   9.8394200e-05
   1.5238600e-04
   1.3298300e-04
   1.2440600e-04
   2.2043800e-04
   1.0289400e-04
   1.3888800e-04
   1.0275300e-04
   1.4198100e-04
   1.1343900e-04
   2.3506100e-04
   1.0317500e-04
   8.8973800e-05
   1.2679600e-04
   8.7005400e-05
   1.4802700e-04
   9.7550600e-05
   1.9766000e-04
   1.1020500e-04
   1.0444000e-04
   1.2454600e-04
   8.7146000e-05
   1.2946800e-04
   8.4193300e-05
   2.2774900e-04
   9.2910700e-05
   1.1484500e-04
   1.1639100e-04
   9.1364100e-05
   8.9536200e-05
   1.9920700e-04
   1.0190900e-04
   8.8692600e-05
   8.7989600e-05
   1.1611000e-04
   8.2224900e-05
   8.4193300e-05
   1.6799300e-04
   8.8692600e-05
   9.1926500e-05
   4.5668000e-05
   9.1364100e-05
   7.9412800e-05
   7.9272200e-05
   1.4915200e-04
   7.7303700e-05
   8.1100000e-05
   5.8603500e-05
   8.7567800e-05
   5.9025300e-05
   6.9992400e-05
   1.3101400e-04
   6.6196100e-05
   7.5475900e-05
   6.6055500e-05
   7.3085600e-05
   5.9306500e-05
   1.4099700e-04
   5.1010900e-05
   6.2399800e-05
   5.4947800e-05
   4.2293500e-05
   5.9306500e-05
   5.2979400e-05
   1.1723500e-04
   3.4700900e-05
   5.9165900e-05
   4.6511600e-05
   5.9868900e-05
   2.6827100e-05
   8.7427200e-05
   4.6371000e-05
   2.6124100e-05
   4.7917600e-05
   4.3277700e-05
   4.3840100e-05
   3.0904600e-05
   1.1554800e-04
   3.4138500e-05
   4.2434100e-05
   1.6563100e-05
   3.4982100e-05
   4.3558900e-05
   2.2327800e-05
   9.1223500e-05
   6.7320900e-05
   4.0043800e-05
   3.4560300e-05
   3.1185800e-05
   6.1134400e-05
   2.3874500e-05
   9.2629500e-05
   5.7478700e-05
   3.5544500e-05
   3.5544500e-05
   3.2873100e-05
   2.0921800e-05
   8.7567800e-05
   2.8795600e-05
   3.5966300e-05
   4.0184400e-05
   4.0325100e-05
   3.3294900e-05
   5.0167300e-05
   1.0922100e-04
   2.3452600e-05
   3.4279100e-05
   3.3576100e-05
   3.1045200e-05
   2.5842900e-05
   7.1820200e-05
   6.9148700e-05
   2.3171400e-05
   3.0623400e-05
   3.2170100e-05
   4.6511600e-05
   2.2609000e-05
   1.0148800e-04
   1.8812700e-05
   3.3716700e-05
   4.3980700e-05
   3.7934800e-05
   5.0167300e-05
   1.4875800e-05
   7.6881900e-05
   5.4244800e-05
   3.3013700e-05
   3.4841500e-05
   2.8373800e-05
   2.2327800e-05
   8.3912100e-05
   1.9234500e-05
   1.9375100e-05
   3.1748200e-05
   2.2609000e-05
   2.5702300e-05
   5.6213200e-05
   6.8586300e-05
   1.9234500e-05
   1.4032200e-05
   3.4419700e-05
   1.7828500e-05
   2.6264700e-05
   4.8761300e-05
   6.7180300e-05
   1.5016400e-05
   2.5561700e-05
   1.6844300e-05
   2.2327800e-05
   1.4313400e-05
   9.1082900e-05
   3.6247600e-05
   1.2204400e-05
   2.7530100e-05
   2.4296300e-05
   3.0904600e-05
   1.6281900e-05
   8.2927900e-05
   4.5527400e-05
   2.6405300e-05
   2.5842900e-05
   2.4999300e-05
   3.3997900e-05
   9.1111000e-06
   6.9430000e-05
   2.4436900e-05
   2.2187200e-05
   1.6281900e-05
   2.3171400e-05
   8.1268800e-06
   6.1415600e-05
   1.3048000e-05
   3.4138500e-05
   1.8250300e-05
   2.9920400e-05
   1.9234500e-05
   4.7495800e-05
   7.4351100e-05
   1.1079500e-05
   1.8953300e-05
   1.4172800e-05
   1.3188600e-05
   2.5280500e-05
   4.5105600e-05
   6.4930600e-05
   6.7208400e-06
   2.8655000e-05
   2.1765400e-05
   2.3874500e-05
   7.1426500e-06
   4.5527400e-05
   3.4982100e-05
   8.6892900e-06
   3.7934800e-05
   1.3610400e-05
   5.6072600e-05
   7.5644600e-06
   8.7286600e-05
   3.0201600e-05
   1.4454000e-05
   1.3610400e-05
   1.7828500e-05
   3.7794200e-05
   5.1742000e-06
   6.6336700e-05
   4.0465700e-05
   2.1203000e-05
   6.5802400e-06
   1.1360800e-05
   1.7125500e-05
   2.9245500e-06
   6.0712500e-05
   2.6545900e-05
   1.2626200e-05
   4.1168700e-05
   1.7828500e-05
   2.0218800e-05
   5.5369600e-05
   3.2057600e-06
   2.5983500e-05
   1.6422500e-05
   4.3277700e-05
   1.6141300e-05
   2.5139900e-05
   4.4543200e-05
   5.3429300e-07
   3.3435500e-05
   9.6735100e-06
   1.8250300e-05
   1.7997200e-06
   5.0167300e-05
   7.7725600e-05
   5.7366200e-06
   3.5403900e-05
   1.1079500e-05
   2.0359400e-05
   0.0000000e+00
   6.1415600e-05
   4.0887500e-05
   8.4080800e-06
   0.0000000e+00
   1.5719500e-05
   1.6703700e-05
   0.0000000e+00
   5.3541800e-05
   8.6892900e-06
   8.9705000e-06
   1.2766800e-05
   3.9087700e-06
   1.2626200e-05
   3.7091200e-05
   0.0000000e+00
   3.2873100e-05
   8.1550000e-07
   1.8953300e-05
   7.1426500e-06
   2.4155700e-05
   4.6089800e-05
   0.0000000e+00
   2.5280500e-05
   7.7050700e-06
   1.4875800e-05
   2.0809300e-06
   5.7366200e-06
   4.8198800e-05
   0.0000000e+00
   2.8233200e-05
   8.2674800e-06
   1.6141300e-05
   0.0000000e+00
   5.4244800e-05
   2.4718100e-05
   0.0000000e+00
   2.6827100e-05
   5.0336000e-06
   1.3329200e-05
   0.0000000e+00
   3.7372400e-05
   4.1899800e-06
   2.7839500e-06
   3.2451300e-05
   4.1899800e-06
   2.8655000e-05
   0.0000000e+00
   3.2873100e-05
   1.6141300e-05
   2.5027400e-06
   1.6703700e-05
   1.0938900e-05
   5.1995100e-05
   0.0000000e+00
